Beitrag
"Dann kann man ja froh für die Hamas sein, dass sich keiner darüber aufregt, dass sie Kinder in Sommerlagern eine ""militärische Ausbildung"" angedeihen lässt, dass sie Menschen als Schutzschilde missbraucht - wohl auch Kinder - und dass sie Kinder im Tunnelbau einsetzt. Beim Bau der Hamas-Angriffstunnel, die Israel letzten Sommer zerstörte, sollen 160 Kinder ums Leben gekommen sein."
"Sonst geht's noch oder? In der Trauma-Medizin kann niemand Israel das Wasser reichen - aber nicht erst seitdem sie Syrer behandeln.Schon während der ""2. Intifada"" lag die Sterblichkeit in israelischen Schockräumen bei 2% (!). Die Nummer zwei waren die USA mit immerhin schon 6%. Allerdings gab es da noch einen weiteren Faktor, dem die Zahlen nicht gerecht werden:Die israelischen Notärzte hatten es durchwegs mit deutlich schlimmeren Verletzungen zu tun als ihre amerikanischen Kollegen: Stumpfe Traumata, in Folge von Bombenanschlägen. So ziemlich das Übelste, was man sich im Schockraum vorstellen kann..."
"Ich bin ja schon positiv überrascht darüber, dass über den Angriff überhaupt berichtet wird und dass er sogar noh als Angriff bezeichnet wird. Wobei ich mir nicht sicher bin, ob das so wortwörtlich von der APA stamt oder ob der Standard nachgearbeitet hat. Denn von der APA kommen üblicherweise Schlagzeilen wie: ""Rakete schlägt in Israel ein"" (könnte also auch vom Mond gekommen sein...)"
"Auch wenn die letzte Siedlung geräumt ware, würde Israel ""nichtproportionale Gewaltanwendung"" vorgeworfen, wenn es gegen Raketenschützen vorgeht, die seine Zivilbevölkerung terrorisieren. Und du würdest zu den ersten gehören, die mitschreien.Dabei ist die Proportionalität im Kriegsvölkerrecht ganz klar festgelegt: Wenn von einem Ziel - wie einem in einem Wohngebiet aufgestellten Grad-Raketenwerfer - Gefahr ausgeht, darf es ohne wenn und aber angegriffen werden, um Schaden von der eigenen Bevölkerung abzuwenden. Ende der Debatte.Und eines ist jetzt schon fix: Auch wenn die letzte Siedlung geräumt ist, werden weiterhin Raketen aus Gaza nach Israel abgefeuert - und dann wohl auch aus dem Westjordanland."
"Wieso illegal? Mehrheistmeinungen, Wunschdenken und auch der UN-Sicherheitsrat machen noch lange kein Völkerrecht. Im Westjordanland gab es seit Jahrhunderten keinen Souverän. Also nix mit ""völkerrechtswidrig"" und ""illegal"". Da kann man noch so Kopf stehen. Völkerrecht bleibt Völkerrecht und laut diesem handelt es sich ganz eindeutig um umstrittenes Gebiet. So wie eben auch in Kaschmir..."
"Das sind die Unterschiede...""Familien, Frauen und Kinder in Gaza müssen sich auf den jährlichen Angriff von den Israelis vorbereiten""......die Israelis müssen sich standing auf den nächsten Raketenangriff AUS Gaza vorbereiten. Deshalb steht im Süden auch vor jedem Haus ein Bunker. Wenn der Alarm dann kommt, hat man im Schnitt 7-15 Sekunden Zeit, um in den Bunker zu rennen. Wenn es 7 Sekunden sind, hilft übrigens Iron Dome auch nicht, denn dann ist die Abschussentfernung der Rakete bzw. ihre Flugzeit zu kurz, um sie abzufangen.Darauf, dass sich die Menschen in Gaza gar nicht auf irgendwelche israelischen Angriffe vorbereiten müssten, wenn die Idioten aus Gaza keine Raketen auf Israel abfeuern würden, kommen Sie erst gar nicht."
"So ein Blödsinn!1.) Wird bereits zuvor telefonisch bzw. per SMS gewarnt.2.) Dient das ""Knocking-on-the-roof"" als letzte Warnung, falls die Warnungen zuvor nicht angekommen oder ignoriert worden sein sollten.3.) Sind es eher 15 min, bevor der Angriff erfolgt. Lass dich nicht von diversen Videos auf Youtube täuschen. Die wurden geschnitten, um dem Zuseher Wartezeit zu ersparen. Seriöse Uploader der Videos erwähnen das auch ausdrücklich.4.) Weißt du, was passiert, wenn eine 1000kg-Bombe hochgeht? In dicht bevölkertem Gebiet steht da in einem Radius von 150m nichts mehr...dann gabs aber deutlich mehr Tote in GazaFrag dich einfach, woher die Kameraleute jeweils wussten, welches Gebäude sie filmen mussten, um das ""Roof-Knocking"" mit auf Video zu bannen."
"""da freut sich wahrscheinlich die nationalistische regierung in israel""Soll das jetzt ernsthaft ""Kritik"" sein? Sie unterstellen etwas, weil Sie sich etwas einbilden, das nicht der Fall ist, denn ganz offensichtlich hat ""die nationalistische Regierung in Israel"" nicht ""die Gelegenheit beim Schopf gepackt, es dem Gazastreifen wieder mal richtig zu zeigen"".Also was berschreibt Ihr an den Tag gelegtes Verhalten besser als der Terminus ""Manie""?"
"Manche lernen eben nie aus der Geschichte. Sie stellen es so dar, als würde ich aus der Kristallkugel lessen. Dabei konnte man 2005 ganz genau sehen, was passiert, wenn sich Israel zurückzieht.Nach dem Abzug kamen doppelt soviele Raketen aus Gaza rüber wie vorher. Die Blockade gab's übrigens erst Mitte 2007, nach zwei Jahren Dauerbeschuss aus Gaza.Außerdem ist es eine Unverschämtheit, den kriegsverbrecherischen Beschuss israelischer Wohngebiete als ""Selbstverteidigung"" zu bezeichnen. Wogegen verteidigen sich denn die Deppen genau? Gegen die israelische Zivilbevölkerung? Wogegen haben sie sich 2005 verteidigt, als sie den Beschuss nach dem israelischen Abzug dramatischst ausweiteten? Gegen die Blockade? Nein, die haben sie damit erst provoziert. Genauso wie sie sie israelische Angriffe provozieren. Die beste Selbstverteidigung Gazas ware, keine Raketen nach Israel zu schießen. Die Blockade würde sich dann auch erübrigen."
"Da haben Sie etwas verwechselt...WEIL es sich um umstrittenes Gebiet handelt, sind die Siedlungen eben NICHT illegal.""Hasserfülltes Vorgehen""? Könnte Sie erörtern, was Sie da genau meinen bzw. könnten Sie konkrete Beispiele liefern?Was genau verstehen Sie eigentlich unter ""Nationalismus""? Gehört dazu schon, nicht in Jubel auszubrechen, wenn die eigene Bevölkerung mit Raketen beschossen wird?Und vor allem: Warum haben Sie keinerlei Probleme mit palästinensischem Nationalismus?"
"Hm...ein Staat ist ganz nebenbei per Definition ""nationalistisch""...sonst wären nämlich nicht einige Hanseln übereingekommen, einen Staat zu bilden, wenn sie sich nicht als Nation fühlen würden.Abgesehen davon haben Sie keine Kritik geäußert, die es wert ware, argumentativ zerpflückt zu werden, sondern einfach eine dumme kleine Unterstellung, die da lautet:""da freut sich wahrscheinlich die nationalistische regierung in israel""Also, wollen wir dieses Kinderkarusell jetzt anhalten oder drehen wir noch eine Runde, in der ich Ihnen nochmal erkläre, dass Sie keine Kritik an Israel geäußert, sondern eine nicht sehr schlaue, hetzerische Unterstellung zum besten gegeben haben?"
"Tja, wo hast du denn Israel kritisiert? Du hast hier nur eine Unterstellung zum besten gegeben:""da freut sich wahrscheinlich die nationalistische regierung in israel""Wolltest du kritisieren, ""dass sich die nationalistische Regierung in Israel wahrscheinlich über Raketenangriffe freut"", oder wie? Sonst geht's uns noch gut, oder?Das könnte durchaus einen antisemitischen Hintergrund haben. Nach dem Motto: ""Wenn es ihren Zielen dient, freuen sich jüdische Politiker über den Beschuss ihrer eigenen Bevölkerung"".Findest du übrigens nicht selber ein wenig eigenartig, was du hier ""kritisierst""?Du hast nicht den kriegsverbrecherischen Raketenangriff aus Gaza ""kritisiert"", sondern ""dass sich die nationalistische Regierung in Israel wahrscheinlich darüber freut""...Das muss man sich mal auf der Zunge zergehen lassen. Unfassbar!"
"Die Israelis entziehen den Palästinensern Trinkwasser? Geht's noch? Die Palästinenser schöpfen die Möglichkeiten, die ihnen laut Oslo zustünden, gar nicht aus. Sie dürften aus den Hebron-Bergen selber Wasser beziehen. Tun sie aber nicht.Die Wasserprobleme der Palästinenser sind hausgemacht. Israel liefert fünfmal mehr Wasser an die Palästinenser als in Oslo vereinbart. Auf palästinensischer Seite herrschen allerdings unglaubliche Missstände:1. Ein Drittel des Wassers versickert, weil sie ihr Leitungsnetz vergammeln lassen.2. Es ist ""Volkssport"", Wasserleitungen illegal anzuzapfen. Damit wird unkontrolliert und illegal Wasser aus dem Trinkwassersystem entnommen, dass dann natürlich anderswo fehlt.3. Es warden keinerlei Abwässer geklärt und damit wiederverwendet. Israel bereitet ~80% seines Grauwassers wieder auf. Das ist Weltrekord"
"Fortsetzung4. Palästinenser schwemmen ihre Felder, anstatt auf sparsame Tröpfenbewässerung zu setzen wie Israel. Zudem verwenden sie Trinkwasser, während Israel hierfür aufbereitetes Grauwasser verwendet.5. Die palästinensische Wasserbehörde schummelt bei ihren Angaben. Zum Beispiel werden die 250.000 Araber in ""Ostjerusalem"" ebenfalls in der Statistik geführt, was natürlich die Pro-Kopf-Berechnungen schlechter ausfallen last. Das ist aber nicht zulässig, denn die Bewohner ""Ostjerusalems"" werden natürlich nicht über das palästinensische, sondern das israelische Trinkwassernetz versorgt und sind somit bereits in der israelischen Statistik.Israel kann man für diese Missstände wahrlich nicht verantwortlich machen."
"Ad ""Recht auf Fischerei"": Das Problem mit der ""Fischerei"" ist, dass in der Vergangenheit auf dem Seeweg Raketen in den Gazastreifen gebracht wurden.Seit Ägypten die Schmuggeltunnel in den Sinai systematisch zerstört, wird wieder verstärkt versucht, auf dem Seeweg zu schmuggeln.Alles ware nicht passiert, wenn die Palästinenser im Gazastreifen den israelischen Abzug aus Gaza 2005 als Chance genutzt hätten. Die Israelis ließen mehr als 3000 Gewächshäuser intakt zurück (Wert über 600 Mio USD). Anstatt die Chance für einen Neuanfang zu nutzen, zerstörte die Hamas nahezu alle Gewächshäuser und verdoppelte den Raketenbeschuss Israels. Nach 2 Jahren Dauerbeschuss zogen die Israelis die Konsequenzen und verhängten die (See)blockade, um den Terrorgruppen in Gaza die Einfuhr von Raketen zu erschweren."
"Oh doch...die meisten eben schon...einige sind übrig geblieben...Oder verstehst den von dir selber verlinkten Artikel nicht?""Trotz weit verbreiteter Plünderungen nach dem israelischen Rückzug im September und gelegentlichen Angriffen von Seiten palästinensischer militanter Gruppen, die Landansprüche stellten (...)""Oder soll ich dir den Abschnitt buchstabieren?""In das, was nun als  nationales Rehabilitationsprojekt angekündigt wurde , schüttete die palästinensische, wirtschaftliche Entwicklungsgesellschaft 20 Mill.$, um die Gewächshäuser zu renovieren.""Bimmelts wenigstens jetzt? Klar haben sie später erkannt, dass es ""eine scheiß Idee war, die Gewächshäuser zu ruinieren""..."
"Ich habe geschrieben: ""Keine Angriffe aus Gaza, keine Verletzten in Gaza...""Danach kamst du mit Rahel Corrie, die 2003 während der ""2. Intifada"" ums Leben kam. Also in einer Zeit, als Israel pausenlos angegriffen wurde, was also genau nicht als Argument gegen meine Aussage oben taugt.Wieso sollte der Verweis auf 2005 nicht legitim sein? Es handelt sich um das wichtigste Datum der jüngeren Geschichte des Gazastreifens, weil er sich durch den israelischen Abzug am Scheideweg befand. Es hätte ein Neuanfang werden können. Stattdessen traf die Hamas die strategische Entscheidung, den Beschuss Israels zu verdoppeln, was nach zwei Jahren Dauerbeschuss die Blockade zur Folge hatte. Die ganze Scheiße danach wäre nicht passiert, wenn die Hamas den Beschuss eingestellt hätte. Und das soll ""an den Haaren herbeigezogen"" sein?"
"ad 1. Stell dich nicht dumm! Yasin war nicht irgendwer. An seinen Händen klebte das Blut hunderter Israelis - darunter viele Kinder. Und feindliche Befehlshaber sind ganz eindeutig legitime Ziele. Zumal er weiterhin Selbstmordattentäter angeworben und nach Israel geschickt hätte, wenn er nicht aufgehalten worden ware.ad 2. Hast immer noch nicht kapiert, dass der zeitliche Bezug zweitrangig ist? Ich wollte Beispiele dafür, dass Israel unprovoziert angegriffen hätte."
"Rahel Corrie ist schon deswegen ein schlechtes Beispiel, weil bei ihrem Tod nicht automatisch von ""Vorsatz"" ausgegangen werden kann. Oder fallen dir noch mehr Beispiele ein, wo Demonstranten von einem israelischen D9 überfahren wurden? Die Sicht aus so einem Gefährt ist stark begrenzt - zumal bei der Militärversion, mit ihrem Schutzgitter vor der Frontscheibe. Bis ein Mord nachgewiesen ist, muss also von einem Unfall ausgegangen werden."
"Wir waren beide nicht dabei. Darum. Den Grundsatz ""Im Zweifel für den Angeklagten"" kennen Sie hoffentlich.Wieso sollte es kein Unfall gewesen sein können? Schau dir das Ungetüm mal an:http://prettycarz.com/data_images/gallery/03/caterpillar-d9/caterpillar-d9-07.jpgJe nachdem, wie knapp man da davor steht, kann man sehr wohl übersehen werden. Jedenfalls ist es nicht seriös, ohne jedes Indiz von einer absichtlichen Handlung auszugehen. Was hätte denn Israel davon? Außer einem gewaltigen Shitstorm überhaupt nichts. Aber dann kommt gerne das antisemitische Stereotyp, dass das cui bono?-Argument nicht ziehe, weil Juden bzw. Israel ja ""nicht kritisiert werden dürften"". Aber jeder, der ehrlich und bei Verstand ist, weiß, dass dies eine unverschämte Lüge ist."
"Was heißt Erzfeinde des Iran? Im Falle Israels geht die Initiative eindeutig vom Iran aus. Es ist der Iran, der andauernd von der Vernichtung Israels spricht, Terrorgruppen mit Raketen beliefert, die diese dann auf die israelische Zivilbevölkerung abfeuern. Der Iran war mal Israels engster und damals einziger Verbündeter im Nahen Osten. 1979 änderte sich dies schlagartig - auf Intiative der Mullahs, nicht Israels..."
"Der Iran hat in der Vergangenheit nachweislich Polonium 210 hergestellt. Das macht in einem ""friedlichen Atomprogramm"" nicht den geringsten Sinn... aber für die Entwicklung eines Atomwaffenzünders...Der Iran interessierte sich auch auffällig für die MIRV-Technologie: Also Mehrfachsprengköpfe für Raketen - die ebenfalls nur im Zusammenhang mit Atomwaffen Sinn machen.Außerdem reichert der Iran viel zu viel Uran viel zu hoch an. Mit einem friedlichen Atomprogramm lässt sich die umfangreiche Anreicherung von Uran auf 20% nicht erklären. Es ist aber ein riesen Schritt auf dem Weg zu waffenfähigem Uran, da der Zeitaufwand für die Anreicherung von Uran mit steigendem Anreicherungsgrad exponentiell sinkt. Was macht man also? Man schafft sich einen umfangreichen Vorrat an 20%igem Uran 235 und stellt dann die Zentrifugen in Fordo um, um den Vorrat innerhalb weniger Wochen auf 90% anzureichern... Voila.."
"Hisbollah, Hamas, Islamischer Jihad...in der Vergangenheit wohl Amal. Der Iran ist auch selber unmittelbar in Terror involviert und unterhält dafür auch eigene Spezialeinheiten der Revolutionsgarden: Die Quds-Brigaden. So ist davon auszugehen, dass die Anschläge in Buenos Aires 1992 und 1994 auf deren Konto gehen (Israelische Botschaft und ein jüdisches Gemeindezentrum mit 29 bzw. 85 Toten und 200 bzw. 300 Verletzten)."
"Ganz so ist es auch wieder nicht! Die meisten Araber, die sich  heute ""Palästinenser"" nennen, sind genauso in das Gebiet eingewandert wie die europäischen Juden - und zwar in den 1920er-40ern (also später als die Juden).Britische Bevölkerungsstatistiken beweisen das. Und es gibt auch diesbezügliche Zitate von Roosevelt und Churchill aus der Zeit. Die Flüchtlingsdefinition der UNRWA spricht ebenfalls Bände: Als ""Palästinsischer Flüchtling"" gilt, wer bis zum 1. Juni 1946 (!!!) ins Madatsgebiet ""Palästina"" EINWANDERTE.Ad ""Vertreibung"": Zu Ihrem Narrativ passt halt nicht so ganz, dass es 1,5 Mio. arabische Staatsbürger in Israel gibt. Übrigens wurden 800.000-1.000.000 in der Arabischen Welt lebende Juden enteignet und von ihren arabischen Heimatländern vertrieben. Die meisten sind nach Israel gegangen. Aber das wird gerne unter den Teppich gekehrt..."
"Aha...was haben denn die 5+1 oder der Iran Produktives beizutragen? Immerhin ist es Israel und (vorerst nicht die 5+1er Gruppe), dem der Iran bei jeder Gelegenheit mit Vernichtung droht.Die Parallelen zu 1938 sind frappierend. Mit dem Unterschied, dass sich die Israelis nicht wie die Tschechen und Slowaken opfern lassen."
"Ja leider...und spätestens seit dem ""Frieden von München"" ist eine derartige Selbstverarschung unentschuldbar...Zumindest lassen sich die Israelis nicht so opfern wie die Tschechen und Slowaken...nicht dass die letzteren beiden es gewollt hätten, doch sie hatten nicht die Mittel, um Hitler alleine aufzuhalten...bei Israel sieht das etwas anders aus..."
"Also abgesehen davon, dass die englische Übersetzung der Aussage Ahmahdinedschads von seinen eigenen Leuten auf der Präsidentenwebsite so veröffentlicht wurde wie sie von den westlichen Medien zitiert wurde, ist es wirklich müßig darüber zu diskuttieren, ob ""Israel von der Landkarte gewischt"" oder ""aus den Seiten der Geschichte gelöscht"" werden soll.Und noch die wichtigste Frage: Hat sich Ahmahdinedschad jemal darüber beklagt, falsch zitiert worden zu sein? Also ich wüsste nicht.Und was ist von Chameneis wiederholter Aussage zu halten: ""Israel ist ein Krebsgeschwür, das herausgeschnitten werden muss und wird""Übrigens ist die SZ eine denkbar schlechte Quelle. Die tut sich nämlich regelmäßig mit ihren antisemitischen Beiträgen hervor..."
"Wollen Sie jetzt ernsthaft auf der Frage herumreiten, ob Ahmahdinedschad sagte ""von der Landkarte fegen"" oder ""aus den Seiten der Geschichte löschen""? ERNSTHAFT???Mal eine wichtigere Frage: Hat sich Ahmahdinedschad jemals öffentlich beklagt, falsch zitiert/verstanden worden zu sein? Nein? Eigenartig...Und warum hat er überhaupt so viele ungefragte Advokaten?"
"Weil hier immer wieder über die wohl berühmteste Ansage Ahmahdinedjads debattiert wird:Die Mutmaßung, dass mit dem ""Zionistischen Besatzungsregime"" bloß die 1967 eroberten Gebiete gemeint sein sollen, ist mehr als abenteuerlich. Denn die Misbilligung der Existenz Israels geht beim iranischen Regime so weit, dass ""Israel"" niemals beim Namen genannt wird. Stattdessen spricht der Iran vom ""Zionistischen Gebilde"" (""Zionist Entity"") - eben genau so wie es Rafsanjani gerade wieder sagte, als er von der baldigen Zerstörung Israels träumte. Es ist also sehr naheliegend, dass der Iran mit der ""Besatzung"" nicht bloß die 1967 eroberten Gebiete meint, sondern alles, was seit 1948 israelisch beherrscht ist. Jede andere Lesart macht aus Sicht eines schiitischen Eiferers auch gar keinen Sinn."
"Na dann solltest du mal deine Brille abnehmen bzw. eine neue besorgen...aber es ist eh ziemlich wurscht, was DU ""siehst""...die Israelis sehen sehr gut...und dann ist es auch wurscht, wie sehr sich selbstgerechte Westler die Aussagen der Mullahs zurechtbiegen, damit sie ihr Gewissen beruhigem können.Ach ja: Churchill war 1938 auch als der Störefried und ""Friedensgegner"" verschrien. Nur ein Jahr später wurden dann seine Warnungen Realität und die Menschheit hatte ihren bisher schlimmsten Krieg an der Backe: 55 Mio Tote... Wie die Geschichte verlaufen wäre, wenn seine Warnungen rechtzeitig ernstgenommen worden wären?"
"Woher nehmen eigentlich die Verharmloser der iranischen Vernichtungsdrohungen die Chuzpe zur Annahme, die Mullahs würden ""1967""  meinen, wenn sie von der ""zionistischen Besatzung"" sprechen?Muslimischen Fundamentalisten - und das sind die Mullahs definitiv - gilt nämlich bekanntlich ""jeder von Israel beherrschte cm2"" als ""besetztes Gebiet"". Dieser Umstand wird im Zusammenhang mit dem Mullah-Regime daran deutlich, dass die Ablehnung Israels so weit geht, dass man sich gar weigert, es beim Namen zu nennen. Stattdessen werden Wortschöpfungen wie ""Zionistisches Gebilde"" (Zionist Entity) oder eben ""Zionistisches Regime"". Aus den diversen Reden wird auch immer wieder deutlich, dass ""Zionist"" oft nur als Tarnwort für ""Jude"" herhalten muss. Nämlich immer dann, wenn der Terminus im Zusammenhang mit historischen Ereignissen verwendet wird, die erheblich älter sind als der Zionismus..."
"Vor lauter Herumgereite auf der Frage, was denn nun Ahmadinedjad wirklich 2005 gemeint habe, werden all die anderen mehr als eindeutigen Aussagen anderer Vertreter des Mullah-Regimes ""übersehen"".Da ware zum Beispiel die wiederholte Aussage des ""Obersten Führers"" Chamenei, Das ""Zionistische Gebilde"" sei ""ein Krebsgeschwür, das herausgeschnitten werden muss und wird"".Als Ex-Präsident Rafsanjani im Rahmen des jüngsten al-Quds-Tages seine Vernichtungsfantasien zum Besten gab, verwendete er ebenfalls nicht den Begriff ""Regime"", sondern ""Entity"", was nur Israel als Nation meinen kann. Die Verharmloser werden sich in diesem Fall übrigens schwer tun, erneut einen ""Übersetzungsfehler"" herbeizuhalluzinieren, handelt es sich doch um eine englichsprachige Veröffentlichung der iranischen Nachrichtenagentur IRNA.http://www.irna.ir/en/News/81673652/"
"Na, weil sie bis zu ihrem Lebensende für rechtsextreme Organisationen arbeitete bzw. Mitglied war...- ab 1937 NSDAP-Mitglied- ab 1938 (führendes) Mitglied des Nationalsozialistischen Studentenbundes (NSDStB)- 1941 Promotion an der Friedrich-Wilhelms-Universität zu Berlin bei Ludwig Ferdinand Clauß: ""Herkunft und Wirkung fremder Vorbilder auf den deutschen Menschen""- 1940 bis 1941 mit ihrer Schwester Waltraud Hunke im „Germanischen Wissenschaftseinsatz“ der SS; Stipendium des SS-Ahnenerbes und Veröffentlichungen in dessen Zeitschrift ""Germanien"".Sie war mit einem Mitarbeiter des  ""Sicherheitsdienstes des Reichsführers SS (SD)"" verheiratet. - ab den 1950ern: ""Deutsche Unitarier""- nachdem die ihr ""zu links"" wurden: ""Bund Deutscher Unitarier""- ab 1986: Thule-Seminar, wo sie auch veröffentlichteNoch Fragen zu ihrer Gesinnung?"
"Was haben Sie jetzt an ""zwischen 15 (!!!!!) und 60"" nicht verstanden?Man kann fix davon ausgehen, dass da mehr 15jährige dabei sind als 60jährige. Ganz einfach, weil es im Gazastreifen deutlich mehr Personen in der ersteren Gruppe gibt. Und weil 60jährige nicht so leicht beinflussbar und ""deppert"" sind wie 15jährige..."
"Oha... zu welchen moralischen Kompromissen man bereit wird und welche Abgründe sich auftun, sobald es gegen Israel geht. Da ist es dann plötzlich wurscht, wenn Jugendliche im Krieg verheizt werden. Sag mal geht's noch?""UNICEF, terre des hommes und amnesty international bezeichnen „alle Kämpfer und deren Helfer, die unter 18 Jahre alt sind“ als „Kindersoldaten“."""
"Die wurden nicht von der UNO ""erstellt"". Alle Angaben stammen vom ""Gesundheitsministerium"" in Gaza - also der Hamas. Die UNO hat sie lediglich übernommen. Zynisch ist, dass unter diesen ""Kindern"" eben auch jugendliche Hamas-Kämpfer waren.Übrigens ist an den Opferangaben sowieso etwas faul. Die Liste passt nämlich so gar nicht zur Demographie des Gazastreifens. 60% der genannten Personen sind männlich und zwischen 15 und 40, obwohl diese Gruppe weniger als 20% der Bevölkerung des Gazastreifens stellt (es aber die typische Altersgruppe aus der Kombatanten kommen). 10% waren weiblich, obwohl diese Gruppe etwa 55% der Bevölkerung ausmacht. Soviel zu der Mär, es seien ""fast ausschließlich Zivilisten"" getötet worden.War auch schon 2008/2009 so. Die Hamas sprach von ""50 getöteten Kämpfern"". Der Rest seien ""Zivilisten"" gewesen. Israel gab die Zahl der getöteten Kämpfer mit 702 an und lieferte auch Beweise dafür. 2010 gab die Hamas zu, dass es tatsächlich ""600-700"" gewesen seien."
"Aso...und dann sehen wir einfach schnell mal drüber weg, dass der Gegner 15jährige in den Krieg schickt. Außerdem ist aus dem ganzen Theater hier sehr gut ersichtlich, von wem hier die Agression ausgeht. Es ist ganz offensichtlich die Hamas, die den Krieg um jeden Preis will, nicht Israel. Das hat die Hamas schon im letzten Sommer bewiesen, als sie zunächst alles tat, um den Krieg zu provozieren, und dann alles, um ihn so lange wie möglich zu verlängern, indem sie jeden einzelnen Waffenstillstand (14 !!!) brach."
"Naja, sie haben verstanden, dass sie machen können, was sie wollen, weil die Weltgemeinschaft Israel bei der Verteidigung gegen die Angriffe aus Gaza in den Rücken fällt bzw. zur Rettung der Hamas politisch einschreitet, wenn es dieser militärisch an den Kragen geht. Geld bekommen sie dann hinterher auch wieder. Was will man (zumindest als Hamas) mehr? Dass dies für den Durchschnittsgazaner absolut schei... ist und dass er es wohl lieber hätte, wenn seine Regierung wie jene Singapurs agieren würde, steht natürlich auf einem anderen Blatt.Allerdings hat sich die Regierung Singapurs halt auch nicht in den Kopf gesetzt, einen ihrer Nachbarn vernichten zu wollen. In einem solchen Fall muss man natürlich alles diesem Ziel unterordnen."
"Ah geh...bist du taub?Bezüglich ""räumlicher Nähe""...der IS ist am entgegengesetzten Ende Syriens. Auf dem Sinai gibt es auch noch einige Idioten, die dem IS die Treue geschworen haben, aber die sind momentan mehr mit der ägyptischen Armee beschäftigt.Sollte der IS Israel wirklich anzugreifen versuchen, wird er eh ganz schnell eine Tracht Prügel bekommen, von der er sich nicht erholt. Denn bisher musste er am Boden gegen keine richtige Armee antreten. Obwohl sich das mit der Kriegserklärung der Türkei jetzt ändern könnte."
"Ad 1) Wen möchte Israel denn vernichten? Eben.Ad 2) Na, das können Sie doch garantiert mit Belegen und konkreten Beispielen untermauern?Ad 3) Die Vorgeschichte lassen wir jetzt vornehm weg. Wenn die Idioten aus Gaza Israel nicht nach 2005 (vollständiger israelischer Abzug) unter Dauerbeschuss genommen hätte, wäre nichts passiert. Wenn die Idioten aus dem Südlibanon Israel 2006 nicht angegriffen hätten, ebenfalls nicht.Apropos ""Streubomben"": Die von Hamas und Hisbollah gegen israelische Wohngebiete eingesetzten Grads enthalten 4000+ Schrapnells.Ad 4) Die Araber wollten die 181er nicht und haben einen Krieg nach dem anderen angezettelt...an Israels lags also nicht.Und bezüglich Galinski: Die scheut nicht mal davor zurück, ihren eigenen Vater zu verleumden."
"Ah ja? Israel hat sich 2005 vollständig aus Gaza zurückgezogen. Es gab keine Blockade und die Israelis ließen über 3000 Gewächshäuser intakt für die Palästinenser zurück.So und jetzt erklären sie dem versammelten Publikum, warum die Hamas nach dem Abzug ihren Raketenbeschuss Israel verdoppeln ""musste"", bzw. warum nahezu alle zurückgelassenen Gewächshäuser unmittelbar nach dem Abzug durch Palästinenser zerstört wurden.Die Blockade kam erst Mitte 2007  - nach zwei Jahren Dauerbeschuss aus Gaza."
"Das Problem: Sie wissen, dass sie militärisch keine Chance haben, dass sie aber an der Medien- und Propagandafront immer gewinnen warden. Deshalb haben sie auch auf möglichst viele getötete ""Zivilisten"" abgesehen. Dass die Rechnung aufgeht, beweist zum Beispiel der Untersuchungsbericht des UN-""Menschenrechtsrats"", der als einizge gegen Israel gerichtete Farce zu betrachten ist.Lizaswelt hat eine sehr aufschlussreiche Analyse des Berichts geliefert:http://lizaswelt.net/2015/06/26/taeglich-gruesst-das-murmeltier/"
"Die Süddeutsche ist berüchtigt für antisemitische Karikaturen im Stile des ""Stürmers"" und hat in der Vergangenheit auch nicht davor zurückgeschreckt, Kakikaturen, die an sich nichts mit Israel zu tun hatten, ohne das Wissen und gegen den Willen des Zeichners mit klar antisemitischen Bildunterschriften zu versehen. Sie wurde wiederholt dafür gerügt und zeigte keinerlei Besserung. Es ist also wohl von einer entsprechenden ideologischen Färbung der Zeitung auszugehen.Und wer meint, ich übertreibe: Einmal wurde Israel als kindefressendes, bluttrinkes Monster dargestellt, was eine ganz klare Anleihe bei antisemitischen Ritualmordfantasien ist. Einmal wurde Facebook-Gründer Mark Zuckerberg als ""Krake mit Hakennase"" verewigt usw."
"Tja, mehr als Vermutungen können Sie trotzdem nicht zum Besten geben. Ich bestreite gar nicht, dass der Verdacht sehr berechtigt ist. Doch normalerweise stellen die Medien ein ""mutmaßlich"" vorne dran, wenn sie von verdächtigten Tätern schreiben. Das machen sie selbst bei palästinensischen Autoattentätern, wenn die nach dem vermeintlichen ""Unfall"" aus dem Wagen steigen, um mit einem Eisenrohr auf die von ihnen Verletzten einzudreschen (was wohl als ""sehr eindeutiges Indiz gegen die Unfallthese"" zu werten ist).Also: Warum wird diese Regel in diesem Fall nicht beherzigt?"
"Oh Mann...da checkt einer als Vorhut vorsichtig die Lage ab und dann kommen sie aus ihren Löchern, die Aluhutträger...Nichtmal Saudi Arabien dürfte den IS unterstützen. Was hätten sie davon? Die wüssten doch ganz genau, dass sich der IS auch gegen Saudi Arabien wenden würde, wenn er dank Unterstützung ""zu erfolgreich"" würde."
"Es gingen mindestens 500 Raketen der Hamss und anderer Geistesgestörter in Gaza nieder...Ist aber nichts neues, dass alle Toten den Israelis in die Schuhe geschoben werden. Das war schon während der ""2. Intifada"" so: Auf der ""Opferliste"" der PA landeten auch sämtliche Selbstmordattentäter und Bombenbauer, die bei ""Arbeitsunfällen"" ums Leben gekommen waren. Außerdem sogar sämtliche ""Kollaborateure"", die von den Palästinensern selbst ermordet worden waren und auch Opfer von Verkehrsunfällen, die mit Israel rein gar nichts zu tun hatten."
"Was genau heißt ""Libanon wurde unabhängig""? Dass Syrien Anspruch auf den Libanon hat? Der Libanon war nicht ""Teil Syriens"", sondern der Osmanischen Provinz gleichen Namens. Das heutige Syrien ist genauso ein Kunststaat wie die meisten Arabischen Staaten, die nach dem Zerfall des Osmanischen Reiches enstanden. Man muss ja bedenken, dass die Osmanen diese Gebiete 400 Jahre lang beherrschten. Es gab also nach dem Assyrien der Antike nicht mehr wirklich ein ""Syrien""...und die heutigen Bewohner haben wohl auch nicht sehr viel mit den Assyrern von damals zu tun..."
"Ach ja? Die Hisbollah verwendete in der Vergangenheit auch C-802 Seeziel-Marschflugkörper. Im Libanonkrieg z.B. gegen eine israelische Sa'ar 5 Korvette, die ihr Raketenabwehrsystem nicht eingeschaltet hatte, weil nicht mit der Möglichkeit eines solchen Angriffs gerechnet worden war.Und offenbar ist die Hisbollah logistisch gut genug, um 50.000 bis 100.000 Raketen zu lagern und einzusetzen. In der Vergangenheit (vor dem syrischen Bürgerkrieg) soll Syrien auch Scuds und möglicherweise sogar Chemiewaffen an die Hisbollah geliefert haben."
"Das Problem an der Sache: Sollte der Iran das System auch an die Hisbollah weiterreichen - was gar nicht abwegig ist - und letztere damit den israelischen Luftraum bedrohen, gibt es Krieg. Es ist eine Sache, das System im Rahmen einer vorbereiteten Aktion zeitlich punktuell zu überwinden - und niemand hat da mehr Erfahrung als die Israelis - z.B. das System auszuschalten, um einen Angriff auf iranische Atomanlagen durchzuführen. Es ist aber eine völlig andere Sache, ständig damit bedroht zu werden. Würde die Hisbollah das System zum Beispiel an der Grenze zu Israel in Stellung bringen, könnte sie damit jedes Zivilflugzeug bedrohen, das den Ben Gurion Flughafen bei Tel Aviv anfliegt."
"Ja, aber nicht solche, die den Einsatz der S-300 rechtfertigen würden. Da bräuchte man eher etwas wie Iron Dome...Bzw. bezweifle ich, dass das System überhaupt in der Lage wäre, solche kleinen Raketen abzufangen - weil deren Flugzeit zu kurz ist.Darum entwickelt(e) Israel ja auch eine ganze Familie an Abwehrsystemen:Iron Dome gegen Raketen mit Reichweiten von 5-70kmDavid's Sling (in Entwicklung) gegen Raketen mit Reichweiten von 70-250kmArrow 3 (der Vorgänger, Arrow 2 war seit 2000 im Einsatz) gegen große Raketen wie Scuds oder die iranischen Shahab 3  Letztere Liga wäre wohl am ehesten die ""Zielgruppe"" der S-300. Wobei sich das System nicht mit Arrow 3 vergleichen lässt. Arrow 3 erreicht Mach 9 und kann anfliegende Raketen in 180km Höhe abfangen...Ein Sonderfall ist noch das israelische Barak-System zur Verteidigung von Schiffen."
"Wieso? Wer regt sich denn auf? Das war nur eine Antwort auf die Behauptung, die Hisbollah wäre nicht in der Lage, komplexe Waffensysteme zu nutzen.Dass israelische Angriffe vorausgegangen sind? Es war die Hisbollah, die diesen Krieg unprovoziert vom Zaun brach.Laut israelischen Angaben war das Barak-Luftverteidigungssystem abgeschaltet, um nicht israelische Flugzeuge in dem Gebiet zu gefährden. Und weil niemand damit rechnete, dass die Hisbollah C-802 Flugkörper hatte."
"Israel bombardiert in Syrien nach allen rechtlichen Maßstäben illegale Waffenlieferungen an die Hisbollah. Waffen, mit denen letztere wiederum die israelische Bevölkerung bedroht.Und wenn wir schon von Mandat sprechen: Es gibt ein UN-Mandat gegen Waffenlieferungen an die Hisbollah. Aber nicht einmal die UNO-Truppe, die es durchsetzen sollte - die UNIFIL - schert sich drum. Immerhin war dieses Mandat die Voraussetzung dafür, dass Israel 2006 seine Militäraktion gegen die Hisbollah beendete, nachdem diese den Krieg unprovoziert vom Zaun gebrochen hatte.Übrigens: Um gegen die Raketenangriffe der Hamas und Co aus Gaza vorzugehen, muss Israel niemanden um Erlaubnis fragen. Das nennt sich ""Selbstverteidigung"", die jedem Staat zusteht. Die Sache ist simpel: Keine Raketen aus Gaza, keine israelischen Angriffe auf Gaza. Alleine das sollte alles darüber sagen, wer in diesem Konflikt mit Gaza der Aggressor ist."
"Popeye 2? Du meinst wohl eher Popeye Turbo. Warum sollte Israel eine U-Boot-gestützte ""Erstschlagkapazität"" wollen? Der Aufwand wäre viel zu groß. Als Zweit-Schlag-Kapazität sind die U-Boote aber eine echte Abschreckung, zumal Israel als ""One-Bomb-State"" ein geradezu verlockendes Ziel darstellt. Das hat auch schon der damalige iranische Präsident Rafsanjani 2003 öffentlich festgestellt. Er prahlte damit , ""dass eine Bombe genüge, um Israel auszulöschen, während der Schaden durch einen israelischen Gegenschlag in der islamischen Welt 'gering' wäre"". Sieht fast so aus als wollte ihn Israel mit den Dolphins eines besseren belehren."
"Wie soll denn Israel ""10km"" in den Gazastreifen eindringen, wenn der über zwei Drittel seiner Länge gerade mal 6-7km breit ist? Scherzkeks. Die Israelis haben sich auf die Hamas-Hochburgen und vor allem die Tunnel konzentriert. Und die sind nun mal nicht viel weiter als 2-3km von der israelischen Grenze entfernt..."
"Fragt sich ein einziger der ""das hab ich ihnen immer schon zugetraut""-Fraktion, wie glaubwürdig die jetzt plötzlich aus dem Nichts auftauchende Behauptung des ""Kanzlerberaters"" eigentlich ist?Wie wär's denn mit gesundem Menschenverstand? Welche Ziele hätten sich denn angeboten? Oder hätte gleich ""ganz Afghanistan"" plattgemacht werden sollen, ""um alle zu erwischen""?"
"Ah ja? Im Irak haben sie wohl ordentlich mitgemischt und eine Menge US-Soldaten auf dem Gewissen. Der LKW-Bombenanschlag auf die Unterkunft der US-Friedenstruppen in Beirut, mit 241 Toten, ist wohl auch nicht auf dem Mist einer kleinen Schiitischen Terrorgruppe gewachsen - zumal der Iran alle in Frage kommenden Gruppen unterstützte."
"Die Logik der ""Israelkritiker"": Israel bietet Verhandlungen an bzw. ruft dazu auf, ""meint es aber nicht ehrlich und ist das einzige Friedenshindernis"".Die Palästinenserführung tut nichts dergleichen, lässt sich vielmehr mit der Freilassung von 1027 verurteilten Mördern durch Israel bezahlen, um sich überhaupt zum Verhandlungstisch zu bequemen, hat es nach über 20 Jahren immer noch nicht geschafft, die Oslo-Abkommen zu ratifizieren und lehnte zwei israelisches Angebote für Endstatusverhandlungen ab, ohne auch nur einen Gegenvorschlag zu unterbreiten. Nach dem israelischen Angebot von 2000 brach Arafat vielmehr die blutigste Terrorwelle in Israels Geschichte vom Zaun. Aber diese Seite  soll die einzige friedenswillige sein...?"
"Man stelle sich vor, die Luftangriffe würden von Israel geflogen. In den Medien - und im Forum - wäre die Hölle los. Es interessiert kein Schwein, wieviele jemenitische Zivilisten bei den Luftangriffen bereits umgekommen sind. Und eines ist auch fix: Geht es um Präzisionsangriffe, ist die ""Saudi-Koalition"" verglichen mit Israel ein Analphabetenclub und sie warnt auch nicht vor ihren Angriffen"
"Stellen Sie sich nicht dumm! Sie wissen ganz genau, dass es mir um die Doppelmoral und Heichelei der ""Israelkritiker"" bzw. der Medien geht. Und wenn Sie nicht der Meinung sind, dass Menschenrechte und auch die Anforderungen an die Einhaltung der Genfer Konventionen usw. universell sind, sind ohnehin Sie derjenige mit dem Knacks, nicht ich. Und wenn Sie nur bei Israel einen strengeren Maßstab anlegen als bei allen anderen, wissen wir ohnehin, was Sie in Wahrheit sind."
"Welchen Krieg hat Israel denn begonnen? Alle Kriege, an denen Israel beteiligt war, wurden entweder unmittelbar von Arabern begonnen oder waren eine Folge fortwährender arabischer Angriffe auf Israel.Nennen Sie mir doch bitte einen einzigen Krieg, den Israel begonnen hätte, ohne zuvor angegriffen worden zu sein."
"Herzliche Gratulation, Herr Fischer! Sie können sich jetzt mit der zweifelhaften Ehre schmücken, das erste westliche Staatsoberhaupt gewesen zu sein, das den Holocaustleugnern in Teheran einen Besuch abstattete und sie und ihre unveränderte Politik damit legitimierte. Nicht schlecht! Zumal für einen Österreicher..."
"Nein, in Tunesien, Sie Schlaumeier...denn der ""Arabische Frühling"" begann nicht mit Aufständen von Islamisten. Diese kaperten vielmehr später die Revolution. In Syrien genauso. Es begann mit Demonstrationen der Bevölkerung, die von Assad brutal niedergeschlagen wurden. So wie es der Assad-Clan immer schon tat. Danach desertierten Teile der Syrischen Armee und wurden zur FSA. Die Islamisten kamen viel später."
"Und hier die ganze Geschichte....http://www.timesofisrael.com/netanyahu-declares-war-on-stone-throwers-after-deadly-attack/Mal eine andere Frage: Wieviele Menschen wurden denn schon durch ""jüdische Steinwürfe"" ernsthaft verletzt oder getötet? Die Bezeichnung dieses ""palästinensischen Brauchs"" als ""Steinewerfen"", ist häufig ein Euphemismus, da es schon nicht ""Schotter"" ist, womit geworfen wird. Und wenn - wie es oft geschieht - eine Schleuder verwendet wird, werden auch kleinere Steine zu tödlichen Geschossen...."
"An Selbstüberschätzung leidet ja wohl Obama, wenn er meint, mit diesem geisteskranken Vertrag iranische Atomwaffen verhindern zu können.Aber wahrscheinlich weiß er es eh selber genau. Er wollte einfach den EINEN Außenpolitischen Erfolg seiner Amtszeit erzwingen. Soll sich doch einer seiner ""depperten Nachfolger"" mit dem Fallout (im wahrsten Sinne des Wortes) herumschlagen.Übrigens ist das Problem Nethanjahus nicht Selbstüberschätzung, sondern, den gesunden Menschenverstand westlicher Politiker überschätzt zu haben. Wenn sie Dollar/Eurozeichen im Auge haben, setzt offenbar der Verstand aus. Nach dem ersten iranischen Atomtest kommt dann das große Jammern. Hoffen wir, dass die europäische Raketenabwehr bis dann ähnlich leistungsfähig ist wie die israelische..."
"Man muss kein Genie sein, um zu erkennen, was der wahre Zweck des iranischen Atomprogramms ist.Oder finden Sie es nicht selber ein klein wenig eigenartig, dass der Iran zwar eine gigantische Uran-Anreicherungsmaschinerie betreibt, aber keinerlei Absicht erkennen lässt, die zu dieser Maschinerie passende Anzahl an Kraftwerken zu errichten? Wann will denn der Iran diese Kraftwerke bauen? In 20 Jahren? Noch viel verräterischer ist, wieviel dem Iran dieses Programm bisher wert war. Inklusive der Sanktionsfolgen über 100 Mrd. USD...Und dabei haben wir jetzt noch gar nicht darüber gesprochen, warum der Iran viel zu viel Uran viel zu hoch anreichert.Auch dass das Atomprogramm ein Projekt der Iranischen Revolutionsgarden ist, spricht Bände.Und warum bastelt der Iran parallel an Trägersystemen, die nur für Atomwaffen Sinn machen?"
"Stellen Sie sich nicht dumm. Sie wissen ganz genau, dass diese Mittel zum Beispiel in Gaza nicht zum Einsatz kommen, solange der Raketenhagel aus Gaza ausbleibt. Oder bombardiert Israel gegenwärtig den Gazastreifen? Man muss wahrlich kein Genie sein, um den kausalen Zusammenhang zwischen Angriffen auf Israel und der militärischen Reaktion Israels darauf erkennen zu können."
"Ihre Haltung ist ganz schön arrogant. Denn der von Ihnen erwähnte ""Rest der Welt"" wird nicht pausenlos mit Vernichtungsdrohungen aus dem Iran überschüttet wie Israel.Für uns mag es opportun sein, die Drohungen nicht ernst zu nehmen. Israel hat hingegen nichts davon, sich die Situation schönzureden. Die Israelis registrieren genau, was parallel zu den Drohungen an konkreten Taten gesetzt wird, zumal Israel der Hauptaddressat der äußerst aggressiven iranischen Außenpolitik ist, die bei uns allenfalls ignoriert wird.Die Parellelen zum ""Münchner Frieden"" von 1938 sind frappierend. Auch damals konnte jeder, der es wollte, über die Ziele Hitlers Bescheid wissen. So wie auch heute die Ziele des Mullah-Regimes in Bezug auf Israel allgemein bekannt sind. Damals galt Churchill als der große „Miesepeter“ und „Kriegstreiber“, weil er Hitler nicht traute. 60 Mio. Tote reichten offenbar nicht, um dazuzulernen."
"Ich meine, wenn Israel tatsächlich der ""Kriegstreiber"" ist, als der es dauernd bezeichnet wird, dann kann es doch nicht so schwer sein, zumindest EIN Beispiel für einen unprovozierten Krieg Israels zu nennen...Übrigens habe ich auf diese schon öfter im Forum gestellte Frage noch nie eine kompetente Antwort bekommen..."
"Was übrigens wirklich bizarr ist im Zusammenhang mit der Wahrnehmung des Konflikts zwischen dem Mullah-Regime und Israel:Während die pausenlosen, real und nachweislich geäußerten Vernichtungsdrohungen aus Teheran ignoriert und als ""falsche Übersetzungen"" oder ""orientalische Rhetorik"" verharmlost werden, werden israelischen Politikern ohne mit der Wimper zu zucken Angriffsabsichten angedichtet, die sie so nie geäußert haben.Wenn dies kein irrationales Verhalten sein soll, weiß ich nicht, was der Terminus ""irrational"" sonst bedeuten sollte..."
"Ah ja? Schon vergessen, dass Israel in Gaza etliche Siedlungen aufgegeben hat? Was war der Dank? Unmittelbar nach dem Abzug aus Gaza kamen doppelt so viele Raketen aus Gaza rüber wie vorher schon.Was nützt es, ""ein Zeichen für den Frieden zu setzen"", wenn die Gegenseite keinen Frieden will?Dummheit ist, immer die selben Fehler zu machen und jeweils ein anderes Resultat zu erwarten.Solange es von Palästinenischer Seite keinerlei erkennbare Absicht zur friedlichen Koexistenz gibt, wäre es absolut geisteskrank, sich auf nicht verteidigbare Grenzen zurückzuziehen.Oder haben Sie sich noch nie gefragt, warum es bisher kein palästinensischer Politiker über sich gebracht hat, verbindlich zu erklären, dass die Gründung eines Palästinenserstaates ein Ende des Konflikts bedeuten würde?"
"Soso und was genau hat jetzt Nethanjahu mit ""Siedlungen in Gaza"" zu tun? Nethanjahu hat keinerlei Siedlungen in Gaza gebaut und falls es Ihnen noch nicht aufgefallen sein sollte, gibt es in Gaza seit fast genau 10 Jahren keine Siedlungen mehr.Wie genau hätte denn eine ""konstruktive Teilnahme Israels"" im Zusammenhang mit dem Iran aussehen sollen? ""Schwamm drüber...wenn sie uns unbedingt umbringen wollen, müssen wir dies eben akzeptieren"", oder wie? Und bedenken Sie dabei, dass während der gesamten Zeit der jahrelangen Atomverhandlungen tausende iranische Raketen auf israelische Wohngebiete abgefeuert wurden.Ich kann Ihnen sagen, was passieren wird: Der Auftrieb aus dem Atomabkommen wird den Iran dazu verleiten, noch dreister und aggressiver gegen Israel zu agieren als bisher. Irgendwann wird Israel dann der Geduldsfaden reißen und der Iran wird eine ordentliche Tracht Prügel einstecken."
"Was gibt's denn da bitte nicht zu verstehen? Gaza ist das beste Beispiel dafür, was passiert, wenn sich eine Seite zurückzieht, während die andere keinen Frieden will...Israel zog sich 2005 gänzlich aus Gaza zurück und ließ über 3000 Gewächshäuser intakt zurück. Die größte derartige Anlage im Nahen Osten. Es gab KEINE Blockade.Unmittelbar nach dem Abzug weitete die Hamas ihren Raketenbeschuss Israels dramatisch aus - im ersten Jahr nach dem Abzug kamen DOPPELT SO VIELE Raketen rüber wie im Jahr vor dem Abzug. Erstmals wurde auch die Großstadt Ashkelon angegriffen. Dies wurde möglich, weil die Hamas nach der Räumung des Siedlungsblocks im Norden des Gazastreifens, nun Raketen von dieser nördlicheren Position aus abfeuern konnte. Nahezu alle Gewächshäuser wurden übrigens von den Palästinensern zerstört.Die Blockade kam erst Mitte 2007 - nach zwei Jahren Dauerbeschuss aus Gaza."
"Bist du so begriffsstutzig? Ich habe oben dargelegt, dass es nichts bringt, ein Faustpfand aufzugeben, solange dies die Gegenseite nicht mit dem Willen zur friedlichen Koexistenz beantwortet, sondern das gewonnene Land nur für weitere Angriffe nutzt.Also dann mal eine kleine Geschichtsstunde...Unmittelbar nach dem Sechs-Tage-Krieg bot Israel die Rückgabe der eben eroberten Gebiete gegen Frieden an. Es folgte das berüchtigte dreifache NEIN der Araber aus Khartoum. Da es keinen Verhandlungspartner gab, entschied sich Israel für die zweitbeste Variante: Die Schaffung strategischer Tiefe durch die Siedlungen. Westlich des Westjordanlands besteht Israel nämlich aus einem lediglich 15km breiten Küstenstreifen, der vom dahinter liegenden Bergland (Westjordanland) komplett beherrschbar ist. Dieser Küstenstreifen ist militärisch nicht verteidigbar, wenn nicht zumindest Teile des Berglandes dahinter beherrscht werden. Deshalb wird sich Israel niemals auf diese Linie zurückziehen."
"Also...wie oben beschrieben, wird sich Israel mit Garantie nicht auf nicht verteidigbare Grenzen zurückziehen.Es gibt völkerrechtlich auch keinen Grund, weshalb die ""Grüne Linie"" - die ja nie eine Grenze, sondern lediglich eine Waffenstillstandslinie war - die Grenze Israels sein müsse. Israel hatte immer den Standpunkt, die Siedlungen entlang der Grünen Linie -  an seiner ""Wespentaille"" zu behalten und die Palästinenser mit Gebietskompensationen im Süden zu entschädigen - dort wo Israel bis zu 100km breit ist und nicht bloß 15km. Aufgrund der geringen breite des Gebietes war es jordanischen BESATZERN der Westbank am Vorabend des Sechs-Tage-Krieges möglich, den gesamten Großraum Tel Aviv mit Artillerie zu beschießen. Dies war der Grund, weshalb Israel im Sechs-Tage-Krieg gegen Jordanien vorging und die Westbank eroberte."
"Ahso...und drum herrschte vor 1967 so viel ""Friede"", wetten? Findest es nicht ein klein wenig eigenartig, dass die PLO bereits 1964 gegründet wurde und nicht erst 1967? Oder dass im Vorfeld des Sinai Krieges 1956 bei Überfällen auf grenznahe israelische Ortschaften vom Sinai und Gazastreifen aus, innerhalb kurzer Zeit über 800 israelische Zivilisten ermordet wurden?"
"Welches Land eigentlich genau? Und warum stellst du nicht ähnliche Ansprüche an die Jordanier? 1923 trennten die Briten einfach sage und schreibe 78% des Mandatsgebietes ""Palästina"" ab und verschacherten es an die Haschemiten - draus wurde das heutige Jordanien - das ganz nebenbei die jetzt zur Debatte stehenden Gebiete - für ganz Begriffsstutzige: ""die Westbank"" - bis 1967 besetzte."
"Ah ja...es geht aber nicht nur um die Palästinenser...Israel hat wesentlich potentere Feinde. Und ein 15km breiter, flacher Streifen, der von einem teilweise hunderte Meter höher gelegenen Bergland dahinter beherrscht wird.......bleibt ein 15km breiter, flacher Streifen, der von einem teilweise hunderte Meter höher gelegenen Bergland dahinter beherrscht wird und daran ändern auch noch so viele Waffen nichts. Oder wo willst die dort überhaupt aufstellen? Dieser 15km-Streifen ist ja immerhin doppelt so dicht besiedelt wie der Gazastreifen. Frag einfach den Militärstrategen deines Vertrauens...muss kein Israeli sein... Stell dir einfach mal vor, es gäbe die gleiche Situation wie in Gaza und es würden von diesem Bergland aus ebenso viele Raketen auf den Großraum Tel Aviv regnen. Die Auswirkungen wären wesentlich verheerender als Angriffe aus Gaza. Und das ist keine utopische Vorstellung."
"Hä? Verstehst du selber, was du da faselst? Was man heute macht? Jedenfalls nicht blind die Fakten leugnen und sich ins Verderben stürzen. Solange es keine Signale der Palästinenser bezüglich der Bereitschaft zur friedlichen Koexistenz gibt, wird sich Israel nicht af nicht verteidigbare Grenzen zurückziehen. PUNKT!Und jetzt erklär lieber mal, warum du von den Palästinensern keine Bemühungen für den Frieden forderst. Es kann nämlich nicht nur an einer Seite liegen."
"Ah ja...willst das auf alle Lebensbereiche ausweiten? Zum Beispiel: In der Vergangenheit habe ich auf die heiße Herdplatte gefasst. Es tat weh. Aber scheiß drauf, das darf mich doch nicht zu dem irrationalen Verhaltensmuster bringen, es niht noch einmal zu versuchen...Irrational ist, die gleichen Fehler (wie den Abzug aus Gaza ohne Friedenspartner) zu machen und ein anderes Resultat zu erwarten..."
"Sind also ständige Angriffe auf Israel ""Geschichten der Vergangenheit""? Wie definierst du denn die ""vergessenswürdige Vergangenheit""? Sommer 2014?Übrigens zeichnen sich ""Fundamentalisten"" unter anderem durch Faktenresistenz aus. Tja...und was die Würdigung von Fakten angeht, bin nicht ich derjenige von uns beiden, der sich auf's Glatteis wagt..."
"Wer ist ""ihr""? Ich bin kein Israeli. Und nein, damit Israel sein Faustpfand aufgibt, muss auch ein Entgegenkommen von palästinensischer Seite kommen. Wenn du das nicht kapieren willst, bist du der Fundamentalist.John F Kennedy sagte es mal so:""Peace does not rest in charters and covenants alone. It lies in the hearts and minds of the people.""Und genau das ist das Problem auf palästinensischer Seite. Es gibt keinen Willen zur friedlichen Koexistenz."
"Nochmal: Was ist passiert, als Israel die Siedlungen in Gaza räumte, ohne dass dort ein Partner für den Frieden war?Genau: Die geräumten Siedlungen im Norden des Gazastreifens dienten als Abschussbasis für Raketenangriffe auf Ashkelon. Angriffe auf diese Stadt waren zuvor nicht möglich, weil die Siedlungen im Weg waren und die Hamas nicht bis an die Nordgrenze des Gazastreifens gelangen konnte, um dort ihre Raketen abzufeuern."
"Tja, dann kann ich dir nicht helfen. Die ständigen Angriffe auf Israel sind kein Hirngespinst. Und sie werden auch aus dem WJL erfolgen, sobald die Hamas dort am Ruder ist. Und das wird sie sein, sobald Israel dort ein Machtvakuum hinterlässt. Aber wie gesagt, Fakten brauchen einen anti-Israel-Fundamentalisten ja nicht zu berühren..."
"Und begrefst du nicht, dass der palästinensische Unwille zur friedlichen Koexistenz ein weitaus größeres Hindernis ist?Israel hat schon eine Menge Vorleistungen auf eine friedliche Koexistenz erbracht. Die größte davon, die Palästinensische Autonomie. Was haben die Palästinenser in dieser Hinsicht bisher geleistet? Außer Maximalforderungen gar nichts. Sie haben es in den letzten 22 Jahren nicht geschafft, auch nur eine Auflage aus den Oslo-Abkommen zu erfüllen. Die gröbste Verfehlung ist in diesem Zusammenhang die systematische Aufhetzung der Bevölkerung zum Hass, anstatt zum Frieden - wie Oslo es eigentlich forderte. Wie soll denn so jemals Frieden möglich sein? Fast zwei Drittel der Palästinenser sind laut palästinensischen Umfragen der Meinung, dass auch nach Gründung eines Palästinenserstaates der Kampf weitergehen müsse, ""bis Israel besiegt sei""."
"Das habe ich so nicht gesagt. Ich habe gesagt, dass ein Rückzug Israels ohne Friede mit den Palästinensern das gleiche Ergebnis bringt wie im Falle Gazas.Und damit Friede möglich ist, müssen sich auch die Palästinenser bewegen. Sie können nicht das Opfer spielen, das nur Forderungen stellen muss. Sie haben auch Pflichten. Und nach dem Motto: ""Zieht ihr euch zurück, dann überlegen wir uns, ob wir mit euch Frieden schließen"" wird es nicht laufen. Wenn du das nicht kapierst, tust du mir echt leid.Um eine Grenzbegradigung wird man nicht herumkommen. Das fordert übrigens auch UN SCR 242 von 1967. Nämlich ""sichere Grenzen"" durch Verhandlungen. Die ""Grenzen von 1967"" (die es nie gegeben hat) sind nicht sicher, weil nicht verteidigbar. Also wird Israel einige Siedlungen entlang der Grünen Linie behalten und die Palästinenser mit Gebietskompensationen entschädigen. Anders wird es nicht gehen."
"Die Palästinenser müssen unter Beweis stellen, dass ihr Staat nicht bloß als Brückenkopf zur Zerstörung Israels dienen wird. Bisher waren sie nicht dazu bereit. Solange sie es nicht sind, wird es keinen Staat geben.Als Hausaufgabe kannst du dir díe Frage stellen, warum es bis heute kein pal. Politiker über sich gebracht hat, verbindlich zu erklären, dass die Gründung eines Palästinenserstaates den Konflikt beenden würde. Warum? Weil, dieselben Personen unverblümt (wenn auch auf Arabisch) sagen, dass der Staat nur ein Etappenziel auf dem Weg zur Zerstörung Israels ist. Daran scheiterte auch Camp David 2000. Barak bot Arafat 97% der Westbank + Gebietskompensationen für die 3%, 100% von Gaza und die Arabischen Teile Jerusalems an. Arafat lehnte ab, weil er den Konflikt beenden hätte müssen. Er machte nichtmal einen Gegenvorschlag und verließ die Verhandlungen. Gleich danach brach er die von langer Hand geplante ""2. Intifada"" vom Zaun."
"Welche Scheinrealitäten denn? Der Konflikt ist real. Die ständigen Angriffe auf Israel ebenfalls. Wenn du nicht wahrhaben willst, dass es keinen Palästinenserstaat geben wird, ohne eine Palästinenserführung, die zum Frieden und zu glaubhaften Sicherheitsgarantien bereit ist, dann bist schon du es, der in einer Scheinrealität lebt. Ich frage nochmal: Was unternehmen palästinensische Politiker, um ihren Willen zum Frieden unter Beweis zu stellen? Anstatt dich immer auf Scheinrealitäten und Märchen rauszureden, könntest mal anfangen, wie ein Erwachsener zu diskuttieren."
"Sag mal, kannst nicht lesen? Barak machte Arafat in Camp David 2000 das bereits beschriebene Angebot:97% der Westbank + Gebietskompensationen für die fehlenden 3%, 100% des Gazastreifens und die arabischen Viertel Jerusalems.Forderungen an Arafat: - Verzicht auf das ""Rückkehrrecht""- Anerkennung Israels- Erklärung über das Ende des KonfliktsArafat wollte nicht nur nicht, er verließ die Verhandlungen, ohne auch nur einen Gegenvorschlag zu unterbreiten oder weitere Forderungen zu stellen. Kein Wunder, da er sich zu diesem Zeitpunkt bereits die ""2. Intifada"" in den Kopf gesetzt hatte.Olmert machte Abbas 2008 ein inhaltlich sehr ähnliches Angebot. Auch dieses Angebot wurde abgelehnt.Und wenn die Araber 1967 das israelische Angebot angenommen hätten, alle Gebiete gegen Frieden zurückzubekommen, wäre es nie zu den Siedlungen gekommen."
"Erkundig dich lieber mal vorher, wer Ludwig Watzal ist. Und übrigens bleibt er schuldig zu erklären, warum Arafat nicht einmal nachverhandeln wollte.Aber so wie immer bei Verhandlungen, wollten die Palis ursprünglich gar nicht an den Verhandlungstisch. Watzal widerspricht sich selbst. Einerseits sagt er richtiger Weise, dass Israel die großen Siedlungsblöcke behalten wollte, andererseits spricht er von ""Zerstückelung"" des WJL. Die ""großen Siedlungsblöcke"" liegen aber alle entlang der Grünen Linie und nicht mitten im WJL.Und das ""Rückkehrrecht"" für ""palästinensische Flüchtlinge"" führt jede Zwei-Staaten-Lösung ad absurdum. Israel musste das von den Arabern verursachte jüdische Flüchtlingsproblem lösen (800.000 Juden wurden aus der Arabischen Welt vertrieben) und die Araber müssen ihr eigenes lösen (das sie ja mit dem Angriffskrieg von 1948 auf Israel auch verursacht hatten.)"
"Und was soll mit Gaza sein? Die Blockade haben sich die Gazianer leider selber zuzuschreiben. Sie hatten nach dem israelischen Abzug 2005 die Chance auf einen Neuanfang. Stattdessen verdoppelten sie unprovoziert den Raketenbeschuss Israels. Aber selbst danach hätten sie noch zwei Jahre Zeit zum Umdenken gehabt. Ist leider nicht passiert. Und so verhängte Israel nach wei Jahren Dauerbeschuss Mitte 2007 die Blockade, um die Einfuhr weiterer Waffen zu erschweren.Was erwarten Sie von Israel? Sich reaktionslos mit tausenden Raketen beschießen zu lassen?"
"Was kann denn Gott dafür, wenn einer ein Schwert nimmt und damit jemandem den Kopf abschneidet? Kann mir nicht vorstellen, dass die Vorposter glücklich wären, wenn bei jedem falschen Schritt ein Blitz aus dem Himmel führe...oder wenn man wie ein Roboter ferngesteuert und ""zu guten Taten gezwungen wird""...."
"Das ist das erste Schussattentat seit langem. Findest das nicht ""ein wenig eigenartig""? Das waren jedenfalls keine ""protestierenden Jugendlichen"". Allerdings bin ich mir sehr sicher, dass Israel diesmal dem Treiben nicht lange zuschauen wird. Wenn Abbas dahinter stecken sollte und das nun wieder ""zur Mode wird"", hat er schneller einen Krieg an der Backe als ihm lieb sein kann."
"ES GIBT KEINEN STREIT UM DIE NUTZUNG DES TEMPELBERGS!!!!!Könntet ihr es endlich mal unterlassen, diesen Blödsinn ständig zu wiederholen?Es sind Islamistengruppen, die den Status Quo auf dem Tempelberg zu ihren Gunsten verändern wollen, indem sie seit Monaten nichtmuslimische Besucher in den für diese vorgesehenen Bereichen drangsalieren. Israel hat zwei solche Gruppen bezahlter Provokateure verboten. Das ist alles. Das wiederum führte zu gewaltsamen Protesten der Extremisten. Es kann keine Rede davon sein, dass Israel den Status Quo ändern wollte. Im Gegenteil: Es scheint die einzige Partei zu sein, der am Status Quo gelegen ist."
"Ist er natürlich nicht. Nach Oslo erst recht nicht. Das hat Abbas gerade aufgekündigt? Vorerst hat der Clown nur mal damit gedroht. Aber wenn er es tut und dann meint, einen Freibrief für Gewalt zu haben, wird ihn die IDF ganz schnell auf den Boden der Tatsachen zurückbringen. Bei einer ""3. Intifada"" fackeln die Israelis wohl nicht so lange wie bei der zweiten..."
"Stell dir vor...der/die Mörder der beiden Israelis läuft/laufen ebenfalls noch frei herum. Nur dass die PA keinen Finger krumm machen wird, um sie zur Rechenschaft zu ziehen. Sie werden im Gegenteil sogar noch belobigt. Und wenn man genug Juden ermordet hat, kann man sich sogar Hoffnung auf die Verewigung als Platz oder Straße machen."
"Nein, es ist definitiv keine illegale Siedlung ""nach Internationalem Recht"", da sich Israelis und Palästinenser in Oslo völkerrechtsverbindlich auf den umstrittenen Status des Gebietes geeinigt haben.Und dieser umstrittene Status bleibt bis zu einer endgültigen Verhandlungslösung (wo dann auch erst die Siedlungen und Jerusalem zur Sprache kommen) aufrecht. Es ist vielmehr illegal, israelische Präsenz im WJL pauschal als ""illegal"" zu bezeichnen. Das verstößt nämlich gegen die Oslo-Auflage, den rechtlichen Status des Gebietes nicht einseitig zu verändern...Dummerweise ist das Völkerrecht kein Selbstbedienungsladen, wo man sich herauspicken kann, was einem gerade in den Kram passt. Und es wird auch nicht durch Mehrheitsmeinungen und Wunschdenken erschaffen. Nicht einmal durch den UN-Sicherheitsrat.Diejenigen, die Israel ständig ""Völkerrechtsbruch"" vorwerfen, sollten sich mal gefälligst selber ans Völkerrecht halten."
"Ach du meinst die, die versucht hat, Soldaten abzustechen?Die Behauptung, man habe sie ""30min verletzt liegen lassen"" ist ebenfalls nicht sehr glaubhaft. Denn auf dem ""Beweisvideo"" sind gleich am Anfang zwei israelische Soldaten mit sterilen Handschuhen zu sehen, die sie ganz offensichtlich behandeln. Das deckt sich auch mit den israelischen Angaben, dass sie von Sanitätern behandelt worden sei.Und weißt du was? Es gab tatsächlich ein Messer am Tatort. Das bestreiten nicht mal die VTler von Mondoweiss. Nur behaupten die (gar nicht in der Nähe gewesenen) Eltern des Mädchens, ""die Israelis hätten das Messer platziert"". Na,was glaubst, welche Version stimmt jetzt eher?Oder findest es normal, dass jemand weiter auf Soldaten zurennt,nachdem diese nach vorheriger Warnung zu schießen beginnen?"
"Fassen wir die bekannten Fakten zusammen:1) Sie war vollverschleiert (ist nun mal ein religiöses Statement).2) Die Soldaten forderten sie auf, den Schleier zu heben. Das wird von den pal ""Zeugen"" bestätigt. Das ist auch logisch, da die Soldaten von einem Sprengsatz unter der Burka ausgehen mussten.3) Sie leistete der Aufforderung nicht Folge.4) Es gab ein Messer. Andernfalls hätten ihre Eltern hinterher nicht behaupten müssen, ""es sei von den Israelis platziert worden"".5) Selbst als die Soldaten zu schießen begannen, hielt sie weiter auf sie zu.Wonach sieht das aus? Eher nicht nach einer kaltblütigen Hinrichtung, sondern nach einer mit einem Messer bewaffneten Fanatikerin, die sich den Soldaten in bedrohlicher Weise näherte und sich durch nichts davon abhalten ließ."
"Oha...jetzt ruderst du schon zurück...Was soll denn das bitte für eine Logik sein? Natürlich konnte sie den Soldaten nicht gefährlich werden, WEIL sie bewaffnet waren. Muss ich im Umkehrschluss davon ausgehen, dass du es ""fairer"" gefunden hättest, wenn die Israelis unbewaffnet gewesen wären? Oder hätten die Soldaten ausknobeln sollen, wen von ihnen sie der Fairness halber abstechen darf, bevor sich die anderen verteidigen?Übrigens interessant zu sehen, dass du keine Sekunde an den Gedanken verschwendet hast, wie sehr du dich durch deine Argumentation selbst demaskierst. Bzw. durch die automatische Annahme, israelische Wehrpflichtige (die nicht viel älter sind als das Mädchen) seien blutrünstige Bestien, denen es Vergnügen bereite, palästinensische Jugendliche zu ermorden."
"Aha...dann würde mich brennend interessieren, welche Fakten denn DU zu bieten hast. Bis jetzt nämlich nicht mehr als eine potentielle Verleumdung.Da du es offenbar nicht kapiert hast, die bestätigten Fakten nochmal für dich:1. Sie war vollverschleiert...also definitiv eine Islamistin.2. Sie wurde von den Soldaten aufgefordert stehen zu bleiben und den Schleier zu heben, weil von einem darunter versteckten Sprengsatz ausgegangen werden musste. Das wird von pal. Zeugen bestätigt.3. Es gab ein Messer. Die (bei dem Vorfall nicht anwesenden) Eltern behaupten, ""die Israelis hätten das Messer platziert.4. Sie blieb trotz Aufforderung nicht stehen.Na was meinst, welche Version angesichts der bekannten Fakten jetzt die glaubwürdigste ist? Die vom grundlosen, kaltblütigen Mord oder die von der extremistischen Messerstecherin?"
"Vor allem sind es die Gefolgsleute Abbas'. Damit ist klar, wer zur Verantwortung zu ziehen ist...vor allem war es der erste offizielle Angriff der Fatah seit langem - und das so kurz nach Abbas' Brandrede vor der UNO. Das ist definitiv kein Zufall! Sollte sich das häufen, wird Israel wohl nicht so lange fackeln wie 2002 mit Arafat."
"Die Sache mit China wurde eh schon geklärt. Was die Palästinenser betrifft: Der von der irrationalen Aufmerksamkeit der internationalen Medien verwöhnte Abbas gibt sich gerade wie ein trotziges Kind, das eben diese nicht mehr bekommt. Jetzt versucht er sie mit aller Gewalt (im wahrsten Sinne des Wortes) wieder zu erzwingen.Es ist mit Garantie kein Zufall, dass sich seine eigene Fatah so kurz nach seiner Brandrede vor der UNO nun zum ersten Mal seit langem wieder offen zu einem Terrorakt bekennt. Allerdings dürfte er sich verkalkulieren. Eine ""3. Intifada"" wird Israel nicht tolerieren."
"Es gibt auf Youtube ein Video aus Gaza, dass das ""Knocking on the Roof""-Verfahren und den nachfolgenden Abgriff auf das Gebäude dokumentiert. Nach dem Einschlag der Rakete ist an die 5 Minuteb lang alles dunkel vor Staub, doch hinterher ist auf weiteren Aufnahmen sauberes Spielzeug in den Trümmern zu sehen. Natürlich ist es absolut undenkbar, dass es a) die Explosion und b) die massive Staubwolke unbekümmert überstanden haben soll."
"Dass die Hamas Wohnhäuser vermint, ist nun wirklich kein Geheimnis. Das haben sie bereits 2002 in Jenin gemacht. Und natürlich gibt es genug Beispiele von israelischen Angriffen, in deren Folge die Sekundärexplosionen durch von der Hamas in Wohnhäusern gelagerte Munition erheblich verheerender waren als die Primärwirkung der abgeworfenen Waffe."
"Als ob das der Hamas nicht zuzutrauen wäre. Natürlich vermint die Hamas regelmäßig Wohnhäuser. Das haben sie schon 2002 in Jenin gemacht. Dort sollen bis zu 1000 Sprengfallen angelegt worden sein. Nachdem in einem solchen verminten Wohnhaus 13 israelische Soldaten ums Leben kamen, wurde damals beschlossen, als vermint vermutete Gebäude mit Bulldozern einzureissen."
"Ein solches Video ist mir ebenfalls nicht bekannt. Fix ist aber, dass die Hamas Wohnhäuser vermint. Aber meines Erachtens eher als Todefallen für Bodentruppen. Und eines ist auch sicher: Ohne die absolut rücksichtslose Kampfführung der Hamas würden wesentlich weniger Zivilgebäude zu Schaden kommen. Es ist ganz einfach ein Kriegsverbrechen, Wohnhäuser in Abschussbasen für Raketen und Munitionsdepots zu verwandeln."
"Legen Sie mir nicht Dinge ín den Mund, die ich nicht gesagt habe! Wo habe ich denn behauptet, ""alle"" Flüchtlinge seien IS-Terroristen? Geht's noch?Aber es gibt schon Anhaltspunkte, dass im Flüchtlingsstrom auch Schwarze Schafe mitziehen. Und zwar auch erhärtet durch Aussagen des IS selbst. Von welchen ""Beweisfotos"" reden Sie denn bitte? Der Gedanke, dass aus Europa ""exportierte"" Jihadisten wieder kampfgestählt nach Europa zurückkommen könnten, ist Ihnen wohl vollkommen fremd. Wo doch der IS überhaupt keinen Anlass sehen könnte, terroristisch gegen die Staaten vorzugehen, von denen er gegenwärtig bombardiert wird. Immerhin werden ja immer wieder ""Heimkehrer"" verhaftet. Und Sie werden hoffentlich nicht so naiv sein anzunehmen, dass dem IS nicht der Gedanke gekommen sei, seine ""Heimkehrer"" auf diesem vergleichsweise sicheren Weg zurück nach Europa zu bringen..."
"Man könnte jetzt genauso sagen: ""So eine Untersuchung ist natürlich ein Grund, einem Polizisten gleich ein Messer in den Kopf rammen zu wollen."" Auf den Gedanken kommst du natürlich erst gar nicht. Und wäre es dem Täter gelungen, käme von dir allenfalls der Kommentar, dass es sich ja nur um ""legitimen Widerstand"" gehandelt habe.Und was heißt: ""Gleich umbringen""? Der Täter wurde nicht erschossen, weil er sich weigerte, sich auszuweisen (da wäre deine Entrüstung verständlich). Nein, er wollte mindestens einen der Beamten ermorden."
"Na du Held, dann zeig vor, wie man das macht. Auf kurze Distanz ist ein Messer mindestens so gefährlich wie eine Schusswaffe. Eher gefährlicher.Übrigens ist es ein Unterschied, ob jemand mit dem Messer droht oder bereits zusticht. Da bleibt dir nämlich nicht sehr viel Zeit zu reagieren. Aber wie gesagt: Mach es besser."
"Ah ja? Da du auf Gaza anspielen dürftest: Was ist denn die ""verhältnismäßige"" Reaktion auf den Beschuss mit Raketenartillerie aus Gaza? Im Kriegsrecht ist Verhältnismäßigkeit nebenbei ganz eindeutig festgelegt. Zum Beispiel ist der Angriff auf einen in einem Wohngebiet aufgestellten Raketenwerfer gestattet bzw. notwendig, wenn von diesem Gefahr für die eigene Seite ausgeht."
"Und? Meinst, der Typ hat seinen Messerangriff danach eingestellt? Wie naiv bist du eigentlich? Er hätte es weiter versucht, bis er den Polizisten woanders erwischt hätte. Denn fix ist schon mal, dass er dem Polizisten mehr als nahe genug war, um ihn mit dem Messer zu töten. Und auf so kurze Distanz ist ein Messer mindestens so gefährlich wie eine Faustfeuerwaffe. Oder wie lange braucht ein rasender Messerstecher, um x-mal zuzustechen?"
"Das wirklich traurige an Leuten wie dir ist, dass es dir scheißegal gewesen wäre, wenn er einen der Polizisten oder mehrere getötet hätte. Die Sache ist ganz simpel: ""Versuche nicht Polizisten abzustechen, dann wirst du dabei auch nicht erschossen"". Oder wem hat diese Tat geholfen? Den Palästinensern definitiv nicht. Und dem Angreifer sowieso nicht."
"Ah ja und wie willst so einen rasenden Deppen mit ""Taser"" oder gar Pfefferspray stoppen? Das funktioniert, wenn er mit dem Messer droht und man sich auf die Situation einstellen kann. Wenn er bereits wie ein Irrer auf kürzeste Distanz zusticht, würde ich als Polizist auch nicht darauf vertrauen, dass ich ihn mit dem Taser treffe oder mit dem Pfefferspray beeindrucke (der ist bei Rasenden und Betrunkenen nämlich übrigens nicht so wirksam wie man glauben würde). In einer solch brenzligen Situation ist das Wohl des Angreifers die allerletzte Sorge."
"Es heißt nebenbei ""Taser""...ein ""Teaser"" wäre nicht so gut...das klänge nämlich nach einem ""Aggressivitätssteigerungsmittel""...könnte ein Pfefferspray sein, der einen bereits in Raserei Befindlichen noch aggressiver machen könnte.Aber weißt du was: Als det große Experte, der du nun mal bist, solltest du dir ein paar Dosen Pfefferspray und einen Taser besorgen und den Israelis zeigen, wie man das richtig macht."
"Eine Pumpgun mit Bohnensäckchen wäre noch eine gangbare Alternative...etwas sperrig auf kurze Distanz...auf weitere aber sehr wirksam (und normalerweise) nicht tödlich...allerdings hat sich auf zahlreichen Videoaufnahmen gezeigt, dass die Täter teilweise absolut Wahnsinnige sind. Es gibt mehrere Videos auf denen Täter auch dann noch ihren Angriff fortzusetzen versuchten, nachdem sie bereits angeschossen wurden."
"Oh Mann!!! Also Sie brauchen von Überheblichkeit nicht zu reden!Es ist eine NACHGEWIESENE TATSACHE dass einige UNRWA-Mitarbeiter die momentan grassierenden Terrorakte auf Facebook usw. offen verherrlichen.Übrigens sollte ausgerechnet die UNO nicht die Mimose spielen, wenn man bedenkt wie unfassbar einseitig sie standing auf Israel eindrischt.Es ist bezeichned genug, dass Ban Ki Moon Israel zur ""Zurückhaltung"" aufrief, die Hetze der PA aber mit keinem Wort auch nur erwähnte oder gar verurteilte."
"Genau! Ausgerechnet UNO-Truppen! So wie 1967, als die Waschlappen sofort nach Nassers Aufforderung aus dem Sinai abzogen und somit Nasser ermöglichten, den Krieg zu provozieren, den dieser dann so haushoch verlor.Oder die UNIFIL im Südlibanon? Die 2006 dramatisch verstärkt wurde, um eine Wiederaufrüstung der Hisbollah und vor allem ihre Präsenz südlich des Litani zu verhindern. Heute hat die Hisbollah 5-10 Mal soviele Raketen wie vor dem Krieg 2006. Mindestens 30.000 dieser Raketen befinden sich südlich des Litani, wo die Hisbollah als Miliz auf gar keinen Fall sein dürfte."
"Also da haben ja wohl sie keine Ahnung. Der Vorteil einer Schrotflinte ist, dass man damit ""nahezu alles"" verschießen kann. Darunter sind ""Bohnensäckchen"" (es gibt ein ""nettes"" Jackass-Video dazu, wo sich einer damit auf den Bauch schießen lässt). Oder auch Salzprojektile und soweit ich weiß auch welche aus Sand. Gummigeschosse sowieso."
"""EU-Außenbeauftragte Federica Mogherini erklärte, sie wolle gemeinsam mit Kerry, dem russischen Außenminister Sergej Lawrow sowie dem UN-Gesandten für Nahost versuchen, ""eine gemeinsame, starke Botschaft an die Konfliktparteien auszusenden, dass sich die Situation beruhigen muss"".Ach die Lage muss sich beruhigen? Wenn die Israelis die EU nicht hätten... Bin gespannt, ob endlich mal das Hauptproblem in der momentanen Situation angeprangert wird: Die Hetze auf pal. Seite..."
"Ja, das habe ich ebenfalls schon mehrmals angemahnt...geht am ""Qualitätsjournalismus"" vorbei wie heiße Luft.Gerade wurde eine UNESCO-Resolution verabschiedet, die Israel - und zwar nur Israel - für ""Gewalt auf dem Tempelberg"" und ""Einschränkung der Religionsfreiheit"" (!!!) verurteilt. OK, die bizarre Israelbesessenheit der UNESCO ist bekannt - 2009-2012 wurde Israel 32 Mal von der UNESCO verurteilt - und sonst kein anderes Land der Welt. Israel wurden unter anderem ""archäologischen Ausgrabungen"" vorgeworfen - von der UN-Organisation für ""Erziehung, Wissenschaft und Kultur""...Als die Hamas 2013 den Anthedon-Hafen bei Gaza  zerstörte - seit 2012 UNESCO-Weltkulturerbe (!) - war das keinen Pieps wert.Aber jetzt kommts: Die ursprüngliche Fassung der oben genannten Resolution forderte die ""Umwidmung der Klagemauer zu einem islamischen Heiligtum""."
"In dem Maße, in dem Nethanjahu die Bedeutung Husseinis für die Entscheidung über den Holocaust überschätzte, wird Husseini im Rest der Welt ignoriert/verharmlost. Und man kann sagen, was man will, aber Nethanjahu hat die Medien gezwungen, sich mit Husseini zu befassen. Der wirkliche Skandal in der Berichterstattung: Einerseits wurde Nethanjahu genüsslich für seine Aussage zersägt, andererseits wird bis heute verschwiegen, dassa) die Palästinenserführung Husseini bis heute als Held und Vorbild verehrt undb) heute dieselben Lügen gebraucht wie Husseini ab den 1920ern (""Die Juden wollen die al Aqsa zerstören""), um zu Terrorakten aufzuhetzten - was immerhin die Hauptaussage der Rede Nethanjahus war."
"Jetzt müssen Sie uns nur noch erklären, was an dem Vorwurf (zumindest der Verantwortungslosigkeit) nicht stimmen sollte. Wer nicht erkennt, dass dieses Abkommen absolut geisteskrank ist, ist wirklich selber schuld. Und die gegenwärtige Verschärfung des Tons durch die iranischen Führung (und damit meine ich Chamenei, denn der sagt, wo's langgeht) sollte ebenfalls zu denken geben. Gerade wurde Coca Cola verboten und es werden weiterhin wüste Drohungen gegen die USA und Israel ausgestoßen.Man muss in der Tat unfassbar naiv oder wahnsinnig sein, um einem solchen Regime zu vertrauen..."
"Stronger hat schon Recht. Juden, die auf dem Tempelberg beten wollen, werden gerne als ""Ultrarechte"" oder ""Ultranationalisten"" dargestellt. Da muss doch die Frage erlaubt sein, warum diese Zuschreibung nicht für Islamisten verwendet wird, die allen Nichtmuslimen den Zutritt zum Tempelberg verwehren wollen."
"Israel verschärft seinen Ton? Dann kannst sicher eine einzige konkrete Angriffsdrohung zitieren. Aber nicht aus den westlichen Medien, sondern ein Originalzitat.Es waren nämlich die westlichen Medien, die andauernd von einem ""unmittelbar bevorstehenden israelischen Angriff"" schwadronierten. In Israel selbst war das gar kein so großes Thema wie die hiesige Berichterstattung vermuten lassen würde. Aber das ist ja das Problem an der Nahostberichterstattung.Warum das Abkommen geisteskrank ist? Weil es dem Iran langfristig erlaubt, Atomwaffen zu bauen. Abgesehen davon sind die Vereinbarungen zu  Inspektionen auf derart wackligen Beinen, dass sie für eine geübten IAEO-Täuscher wie dem Iran kein großes Hindernis darstellen.Das Schärfste an dem Abkommen ist freilich, dass es von niemandem unterzeichnet wurde...http://edition.cnn.com/2015/06/25/politics/iran-talks-text-public-not-signed/"
"""Obama wird tagtäglich in jedem Zusammenhang als Feind Israels unter den Bus gefahren.""Da übertreibst jetzt schon ein Bisschen. Obama ist aber definitiv kein Freund Israels und die beiden Regierungen schenken sich nichts, wenn es um den Austausch von Respektlosigkeiten geht. Vor allem ist die Arroganz Obamas dann doch ""erstaunlich""...attestierte er der israelischen Wählerschaft doch, ""sie wisse nicht, was gut für ihr Land sei"". Aber wenn ich mir das Chaos ansehe, in das der Nahe Osten nicht zuletzt aufgrund Obamas chaotischer Außenpolitik geschlittert ist, sollte er lieber still sein. Zumal Israel trotz aller Probleme eine Insel der Stabilität im Chaos rundherum ist..."
"Ihnen ist aber hoffentlich klar, dass es vor allem die Antisemiten selbst sind, die die ""Antisemitismuskeule"" missbrauchen, um sich gegen den Vorwurf des Antisemitismus zu imunisieren?Das sind diejenigen, die dauernd betonen müssen, ""dass es verboten sei, Israel/Juden zu kritisieren"", nur um dann als ""mutige Tabubrecher"" den Vorwurf ad absurdum zu führen, indem sie umso heftiger auf Israel eindreschen.Und natürlich die, die hinter jeder Ecke die ""Keule"" sehen bzw. nach Tätigung einer antisemitischen Äußerung meinen: ""Jetzt werde ich sicher gleich wieder mit der Keule verdroschen..."" Und zuguterletzt die, die dauernd proaktiv versichern müssen, dass sie ""eh keine Antisemiten"" seien, so als würden sie sich ständig (zurecht) ertappt fühlen, obwohl noch gar niemand einschlägige Vorwürfe erhoben hätte. Also auch diese ""ich bin kein Antisemit, aber dieses und jenes wird man ja wohl noch sagen dürfen""-Typen..."
"""Klingt für mich dann eher wie links, denn Moslems begehren die Mauer nicht zum beten. ""Doch tun sie. Die Pal. und einige arabische Staaten haben gerade versucht, die Klagemauer durch die UNESCO ""zu einem 'Muslimischen  Heiligtum' umwidmen"" zu lassen. Sie zogen den Passus aus der Resolution zurück, nachdem in der UNESCO vertretene Europäische Staaten signalisiert hatten, dass sie in diesem Fall mit NEIN stimmen und die Resolution kippen würden. Die UNESCO hat das übrigens in der Vergangenheit bereits getan. Das Rahelsgrab und das Patriarchengrab in Hebron wurden von der UNESCO bereits zu ""Muslimischen Heiligtümern"" (und zwar ausschließlich) erklärt. Das, obwohl das Rachelsgrab nie bedeutend für den Islam war und die Machpela-Höhle schon mehr als 2000 Jahre vor der Existenz des Islam eine große Bedeutung für Juden hatte."
"Wenn Sie den Unterschied zwischen Orthodoxen und Ultraorthodoxen gelernt haben, können wir weiterreden...Die Neturei-Karta-Idioten ließen sich sogar zu einer Holocaustleugnerkonferenz nach Teheran einladen. Ist also nicht so fix, dass das keine Antisemiten sind.Übrigens sind die antizionistischen Ultraorthodoxen nur gegen den säkularen Staat...nicht gegen die Existenz eines Jüdischen Staates per se..."
"Die Ablehnung der Existenz eines jüdischen Staates ist mit der Ablehnung des Selbstbestimmungsrechts des Jüdischen Volkes gleichzusetzen. Und damit ist ganz eindeutig geklärt, dass es sich um Antisemitismus handelt. Sieht die EU übrigens auch so.Und nein, da muss ich die Religion nicht mit dem Staat gleichsetzen, denn Israel ist nicht der ""Staat des Judentums"" (welche Ausprägung des Judentums hätten's denn gern?) sondern des Jüdischen Volkes."
"Welche Enteignungen? Die Siedlungen wurden nahezu ausschließlich auf Staatsland errichtet. Oder auf gekauftem Privatland.Oder wundert es Sie gar nicht, dass in den PA-Gebieten auf den Verkauf von Land an Juden die Todesstrafe steht? Passt irgendwie gar nicht zu Ihrem Narrativ...Das Wasser-Märchen wird langsam alt:1) Israel liefert den Pal. erheblich mehr Wasser als in Oslo vereinbart2) 1/3 des Wasser versickert, weil die Pal. ihr Leitungsnetz vergammeln lassen3) Zusätzlich ist es ""Volkssport"" in den Pal.-Gebieten, Wasserleitungen illegal anzuzapfen4) In den Pal.-Gebieten wird so gut wie kein Abwasser geklärt/wiederaufbereitet. Israel ist hier mit der Wiederaufbereitung von über 80% des Grauwassers absoluter Weltmeister - die Nr. 2, Spanien, kommt gerade mal auf 12%(!)"
"""Bei keiner illegalen Tätgkeit können Sie sich mit dem Arguemnt reinwaschen, sie würde das jetzt eh schon weniger als früher machen.""Aha und nach welcher Logik können sie das nicht jetzt schon argumentieren, weil sie es ja TATSÄCHLICH WENIGER machen?Übrigens ist die Siedlungstätigkeit auch eine Reaktion auf die Versuche der Palästinenser und ihrer Unterstützer (vor allem EU) den Status der Gebiete entgegen den Auflagen des Oslo-Abkommens und vorbei an Verhandlungen einseitig zugunsten der Palästinenser zu verändern.Die Palästinenser und die EU schaffen Tatsachen, indem sie de facto die Grenzen an Endstatusverhandlungen vorbei bereits ziehen (indem de facto das gesamte Gebiet jenseits der Grünen Linie als ""palästinensisch"" deklariert wird).Die Israelis schaffen in Reaktion darauf ihrerseits Tatsachen und lassen sich keine nicht verteidigbaren Grenzen diktieren."
"""Faaborg-Andersen bekannte, dass die EU noch nie zuvor eine ähnliche Anweisung für irgendein anderes Land erteilt habe; doch das liege daran, dass es nirgendwo ""eine vergleichbare Situation"" gebe.""Da sieht man dann gleich, dass die Empörung in Israel doch nicht so unbegründet ist.Die ganze Verlogenheit der Sache wird sichtbar, wenn man sich ins Gedächtnis zurückruft, dass just in der Woche, als diese Kennzeichnungspflicht zum ersten Mal von der EU aufs Tapet gebracht worden war, die EU ihr Fischereiabkommen mit Marokko verklängerte, welches auch die Gewässer der ""Westsahara"" mit einschließt, einem Gebiet der fünfzigfachen Größe der Westbank, das seit 1975 von Marokko besetzt/annektiert ist.Und ja: Boykotte von Siedlern treffen zuerst die palästinensischen Arbeitnehmer. Hat man bei Sodastream gesehen. 900 Palästinenser hatten dort den besten Job (vor allem den bestbezahlten) den sie weit und breit finden konnten. Jetzt nicht mehr."
"Das Problem ist halt, dass die EU mit diesem Schritt de facto Israels Grenzen zieht. Und es ist laut Oslo-Abkommen illegal, den rechtlichen Status der umstrittenen Gebiete vor einem Endstatusabkommen zugunsten einer Seite zu verändern. Dies trifft ganz besonders auf ""Ostjerusalem"" zu. Denn es gibt keine völkerrechtliche Grundlage z.B. für die Annahme, dass das Jüdische Altstadtviertel Jersualems ""palästinensisch"" sei, weil es zufällig zu den Gebieten gehörte, die Jordanien 1948 erobert, annektiert (1950) und ethnisch gesäubert hatte (dort hatten ja seit jeher Juden gelebt)."
"Komm, hör doch auf! Was hat denn diese Doppelmoral der EU mit ""Kritik"" zu tun? Warum müssen denn Produkte aus anderen besetzten/annektierten Gebieten auf diesem Planeten nicht speziell gekennzeichnet werden?Und genau diese Doppelmoral ist eben einer der Punkte, an denen die Grenzen legitimer Kritik überschritten werden."
"Na, dann fang an zu erklären...Also ich weiß ja nicht...aber die Hamas erscheint mir da wesentlich geeigneter für einen Vergleich. Sie hat ein Programm, das dem ""Stürmer"" entnommen sein könnte und pflegt sogar den ""Hitlergruß"" (der ist aber auch bei der Fatah sehr beliebt). Wer's nicht glauben will, bemühe doch bitte die Google-Bildersuche.Dass dich das nicht stört, sagt - neben deinem Nazivergleich - mehr über dich aus als dein Vergleich über Israel..."
"Geh bitte! Klar, bei China Druck aufzubauen, geht wohl wirklich nicht. Allerdings erklärt das nicht das Fischereiabkommen der EU mit Marokko, das die Gewässer der von Marokko seit 1975 annektierten Westsahara ausdrücklich mit einschließt. Mir kann niemand erzählen, dass Marokko ähnliches diplomatisches und vor allem wirtschaftliches Gewicht hat wie Israel."
"Würde die EU alle Besatzungsmächte auf diesem Planeten gleich behandeln, würde ich Ihnen zustimmen. Dass sie dies aber NUR mit dem Jüdischen Staat machen, kommen schon Fragen auf. Das Motto lautet jetzt halt nicht. ""Kauft nicht beim Juden"", sondern ""Kauft nicht beim Jüdischen Siedler!""Und dass diese Feststellung stimmt, wird unter anderem dadurch deutlich, dass die EU nicht nur auf eine Angabe zum Gebiet besteht, sondern auf den expliziten Hinweis, dass das Produkt ""aus einer Israelischen Siedlung"" stamme..."
"Muss dich ja nicht stören, dass der Fisch auf deinem Teller aus den Gewässern der Westsahara stammen könnte - zumal er wohl praktischerweise als ""EU-Produkt"" gekennzeichnet ist - dank dieses findingen Fischereiabkommens der EU mit dem Westsahara-Besatzer Marokko...(das pikanterweise genau in jener Woche verlängert wurde, in der die Kennzeichnungspflicht für ""Siedlerwaren"" erstmals ins Gespräch gebracht wurde)."
"Woran erinnert dich denn diese EU-Regel, die NUR für den Jüdischen Staat geltend gemacht wird, sonst? Nebenbei vergisst du dauernd zu erwähnen, dass diese Sichtweise durch die Bank von allen israelischen Parteien geteilt wird.Übrigens finde ich es doch interessant, dass viele derer, die Nethanjahu ""Verharmlosung der NS-Zeit"" vorwerfen, für sich reklamieren, Israel mit den Nazis vergleichen zu dürfen. Wird ja hier im Forum vom einen oder anderen direkt vorgeführt..."
"""Der Vergleich der Herkunftskennzeichnung mit den Progromen der 3. Reiches zu vergleichen ist eine derartige diplomatische Unverschämtheit, dass die EU etwas dagegen unternehmen sollte.""--------------------------------------Wirklich? Vielleicht wäre die Optik ""nicht ganz so schief"", wenn die EU nicht nur den Jüdischen Staat rauspicken, sondern ALLE Besatzungsmächte dieses Planeten GLEICH behandeln würde. Momentan ist die EU jedenfalls nicht in der moralischen Position, hier die Mimose zu mimen..."
"Aha...du beweist schon im ersten Satz, dass du keine Ahnung hast...wann wurde denn das WJL von Israel annektiert? Es wurden auch keine palästinensischen Häuser ""gebuldozed"", um Siedlungen zu errichten. Was schon daran liegt, dass Palästinenser nicht auf den kargen, wasserlosen Anhöhen zu siedeln pflegen, auf denen die Siedlungen üblicherweise errichtet wurden.Und was den ""Luftangriff"" angeht: Es gibt ein aufrechtes Verbot des UN-Sicherheitsrates, Waffen an die Hisbollah zu liefern.  Niemand hält sich dran. Nichtmal die UNO-Truppe, die zu genau diesem Zweck im Südlibanon stationiert wurde. Da niemand sonst die Waffenlieferungen verhindert, setzt Israel die Resolution 1701 des UN-Sicherheitsrates eben selbst durch..."
"Oh Mann! Es ist zwar bekannt, dass die UNO einen extremen Bias gegen Israel hegt, aber ""zigtausend"" Resolutionen sind es dann doch nicht. Kleiner Tipp: Die Resolutionen sind durchnummeriert...also falls du mal deinen kleinen Schmäh auf seinen Wahrheitsgehalt hin überprüfen möchtest.Welche Resolutionen setzt Israel denn eigentlich konkret nicht um? Die Resolutionen der Vollversammlung kannst gleich mal knicken, weil rechtlich nicht relevant. Zumal der Islamische Block mit der chronischen Unterstützung der Blockfreien dort ""jeden Scheiß"" gegen Israel beschließen kann.Bleiben nur die Resolutionen des Sicherheitsrats. Und was setzt Israel da nicht um?"
"Ah ja...und das soll jetzt ernsthaft die Grundlage für Entscheidungen der EU sein? Sonst geht's noch?Du vergisst nämlich eines: Der Maßstab sind hier nicht all diese autokratischen Menschenrechtsbrecher. Der Maßstab muss die EU sein: Nach dem Motto: ""Können wir es mit unserem Demokratieverständnis"" vereinbaren, Handel mit Autokraten zu betreiben? Alles andere ist heuchlerisch und eines sich ""demokratisch"" nennenden Staatenbundes nicht würdig."
"Dann schau dir halt das WJL selber an. Die meisten Siedlungen befinden sich schon aus strategischen Gründen auf Anhöhen. Und es ist nun mal eine nicht zu leugnende Tatsache, dass Palästinenser nicht dort oben leben, weil es keine natürlichen Wasserresourcen dort oben gibt. Das Wasser muss über Leitungssysteme raufgebracht warden. Oder ist das wirklich so schwer zu verstehen?"
"Was gibt's da nicht zu verstehen? Die EU verlangt von keinem anderen Staat, Produkte aus besetzten Gebieten speziell zu kennzeichnen. Und wo sehen Sie denn bitte einen Unterschied zwischen ""besetzt"" und ""annektiert""? Die EU-Verfügung betrifft sowohl besetztes (WJL), als auch annektiertes Gebiet (""Ostjerusalem"", Golan)."
"Ihnen ist hoffentlich der Unterschied zwischen der Krim und dem WJL bekannt? Die Krim war Staatsgebiet eines souveränen Staates, als sie von Putin besetzt und eingesackt wurde. Wessen Staatsgebiet war/ist das WJL jetzt nochmal genau? Nebenbei ist die Besatzung des WJL Resultat der jordanischen Entscheidung von 1967, von sich aus in den Sechs-Tage-Krieg einzutreten und Israel anzugreifen bzw. der arabischen Weigerung nach dem Krieg, das Gebiet für Frieden und Anerkennung zurückzunehmen."
"Ihr Argument versagt genau da, wo die EU eben nicht nur eine Kennzeichnungspflicht für Waren aus dem nichtannektierten WJL, sondern auch aus dem annektierten ""Westjerusalem"" und Golan verfügt.""Marokko hat eben die Westsahara annektiert, das weiß man, wenn man trotzdem marokkanische Produkte kauft""Netter Versuch. Die meisten EU-Bürger wissen wahrscheinlich gar nicht, dass es ein annektiertes Gebiet namens ""Westsaharah"" samt auf's übelste unterdrückten Bewohnern gibt. Was nebenbei natürlich auch damit zusammenhängt, dass im Falle Marokkos nicht annähernd diese Medienbesessenheit grassiert wie beim Thema Israel..."
"Der Unterschied zur Situation im Nahen Osten ist Ihnen klar?Im Fall der Ukraine demontiert gerade Russland Stück für Stück einen souveränen Staat. Sie glauben ja nicht im Ernst, dass diese ""Separatisten"" aus dem Nichts kamen und einfach so an schwere Waffen gekommen sind. Manche Komiker stellen es jetzt so dar, als würde Russland ""russische Minderheiten gegen einen faschistischen Staat verteidigen"". Gerne wird dann übersehen, dass sie Situation ist wie sie ist, weil ein von Russland gesteuerter machtgeiler und korrupter Sesselkleber sich mit Gewalt an der Macht festkrallen wollte.Im Nahen Osten sah das schon etwas anders aus. Zur israelischen Besatzung wäre es nie gekommen, wenn die Nachbarn über die letzten Jahrzehnte einen Krieg nach dem anderen gegen Israel geführt hätten."
"Oh Mann!!!Wenn man nichtmal Sharon von Nethanjahu unterscheiden kann, sollte man sich lieber mit guten Ratschlägen zurückhalten. Abgesehen davon ist es reichlich befremdlich, dass der nebenbei mit den Palästinensern vorab abgesprochener Spaziergang eines Politikers auf einem Plateau, das nebenbei das wichtigste Jüdische Heiligtum ist, als ""Beitrag gegen den Frieden"" und ""Rechtfertigung für palästinensische Gewalt"" gesehen wird.Mal ganz abgesehen davon, dass schon längst klar ist, dass Sharons Besuch des Tempelbergs definitiv nicht der ""Auslöser"" der von langer Hand von Arafat geplanten ""2. Intifada"" war. Rechnen können nämlich die Vertreter dieses Volksmärchens offenbar auch nicht...Begann die ""2. Intifada"" doch EINEN TAG VOR DEM BESUCH SHARONS.."
"Was genau wollen Sie eigentlich mit dieser müßigen Diskussion erreichen? Israel ist trotzdem das einzige Land, dass von der EU so behandelt wird. Und es definiert sich selbst als Jüdischer Staat (mir wäre nebenbei neu, dass die EU dieses Selbstverständnis anzweifeln sollte). Das lässt also tatsächlich bestimmte Alarmglocken schrillen."
"Und? Israel ist per Selbstdefinition auch nicht ""der Staat des Judentums"", sondern ""der Staat des Jüdischen Volkes"". Die Unabhängigkeitserklärung ist da übrigens sehr aufschlussreich. Würde der jüdische Charakter Israels über die religiöse Schiene definiert, ergäben sich mehrere Probleme: Welche Richtung des Judentums überhaupt? Was ist mit all den säkularen Juden? Natürlich lässt sich aber auch nicht abstreiten, dass die jüdische Religion ein integraler Bestandteil der jüdischen Kultur ist (sie hat natürlich auch die Kultur der Säkularen geprägt."
"Wovon fantasieren Sie denn bitte? Das betrifft allenfalls die 2% der Pal., die in der C-Zone leben. In die inneren Belange der Pal. in der A- und B-Zone mischt sich Israel nicht ein, solange es seine Sicherheit nicht tangiert. Also: Wem in der A- oder B-Zone verweigert Israel Baugenehmigungen? Das ist schon deshalb absolut unglaubwürdig, weil Israel dort nicht die für solche Fragen zuständige Zivilverwaltung ausübt."
"Der Klassiker ist natürlich China. Wieviel Han-Chinesen wird es wohl mittlerweile in Tibet geben? Aber es gibt ja sonst auch noch genug Besatzungsmächte auf dem Planeten, die du dir selber googeln kannst.Es soll sogar noch europäische Kolonialherren geben...Ich weiß jetzt nicht, ob man die Bewohner der Falklands als ""Britische Siedler"" sehen kann. Die Argentinier würden es wohl so sehen...Den Sugestivteil ""und stilisiert sich dabei zum vorbild für die Region, weil er ja die einzige rechtsstaatliche Demokratie dort sei?"" kannst dir gleich abschminken. Du kannst nicht einfach die Vorgeschichte der israelischen Besatzung ausblenden. Das ganze Schlamassel begann mit den ständigen Vernichtungsversuchen durch die Nachbarn und wurde durch ihre Weigerung, die Gebiete  gegen Frieden und Anerkennung zementiert. Und es ist klar, dass sich Israel mit solchen Nachbarn nicht auf nicht verteidigbare Grenzen zurückziehen wird."
"Sie haben da eben einige Details ausgelassen...JEDER einzelne Krieg, an dem Israel beteiligt war, wurde durch vorhergehende Angriffe seiner Nachbarn ausgelöst.War Israel 1956 einfach lustig und wollte Krieg gegen Ägypten? Natürlich nicht! Dem Krieg gingen ständige Überfälle auf grenznahe israelische Ortschaften voraus, die von ägyptischem Gebiet aus mit ägyptischer Unterstützung durchgeführt wurden (800 tote Zivilisten innerhalb weniger Monate). Das Fass zum Überlaufen brachte dann die Ägyptische Seeblockade Elats. Das Ziel war ein Ende der Angriffe und die Öffnung der Wasserstraße von Tiran.1967 genauso: Ägypten verhängte erneut eine Seeblockade und marschierte mit 100.000 Mann und 1000 Panzern an Israels Grenze auf. Syrien beschoss die nordisraelische Zivilbevölkerung 19 Jahre lang (!) regelmäßig vom Golan aus mit Artillerie. Die Jordanier traten überhaupt von sich aus in den Krieg ein."
"Von den ""Terror-Renten"" hast schon mal gehört? Und ja: Das wird auch mit Geldern der EU und USA finanziert. Natürlich ist es einer der Hauptanreize für palästinensische Terrorakte. Je mehr Juden ermordet warden, desto höher fallen die ""Renten"" aus. Wenn der Attentäter getötet wird, kann sich seine Familie über nochmal höhere ""Erträge"" freuen. Und das finanzieren wir mit unseren Steuergeldern mit. Eigentlich unfassbar. http://www.theguardian.com/commentisfree/2013/nov/11/british-american-aid-subsidises-palestinian-terrorismhttp://dailycaller.com/2013/11/13/new-book-documents-how-american-taxpayers-finance-palestinian-terrorists/"
"Tja, bedauerlich, dass Sie nicht imstande sind zu erkennen, dass Nethanjahu die ""Keule"" nicht wegen dem schwingt, was die EU mit Israel macht, sondern weil sie es NUR mit Israel macht. Aber jeder, wie er meint...Doppelmoral war im Zusammenhang mit ""Israelkritik"" übrigens schon immer eines der drei Erkennungsmerkmale für Antisemitismus. Mit ihrer Doppelmoral sorgt die EU auf jeden Fall für eine sehr schiefe Optik..."
"Die unfassbarste Frechheit an der ganzen Geschichte ist, dass die EU mit dieser Aktion zwar einerseits die Siedlungen als ""Friedenshindernis"" bekämpft (sie besteht ja auf den Zusatz ""Israelische Siedlung"" bei der Etikettierung), gleichzeitig aber mit sehenden Augen Friedenshindernisse auf palästinensischer Seite fördert. Wann wird die EU endlich ihre Zahlungen an die Palästinenser von einem Ende der Terror-Renten-Praxis abhängig machen? Wir finanzieren dieses System mit unseren Steuergeldern mit. Die Terror-Renten sind einer der größten Anreize für Palästinenser, Terrorakte gegen (vermeintliche) Juden zu begehen.http://www.theguardian.com/commentisfree/2013/nov/11/british-american-aid-subsidises-palestinian-terrorism"
"Klar! Weil sie ausgerechnet NACH dem israelischen Abzug aus Gaza keine Perspektive sahen, zerstörten sie nahezu alle der über 3000 von Israel intakt zurückgelassenen Gewächshäuser und verdoppelten den Raketenbeschuss. Die Blockade kam übrigens erst zwei Jahre später - und zwar NUR wegen dieses Dauerbeschusses aus Gaza.Zeigen Sie bitte wenigstens die Würde, sich nicht selbst zu verarschen!"
"Dann zähl mal die Völkerrechtsverstöße auf. Ist nämlich interessant, dass das ""Völkerrecht"" nur herhalten muss, wenn gegen Israel argumentiert wird.Nehmen wir z.B. die oft im Forum als ""völkerrechtswidrig"" hingestellten israelischen Luftangriffe auf Waffenlieferungen für die Hisbollah in Syrien. Es gibt ein aufrechtes Verbot des UN-Sicherheitsrates, die Hisbollah mit Waffen zu beliefern. Es gibt sogar eigens eine UN-Truppe (UNIFIL), die die Wiederaufrüstung der Hisbollah verhindern sollte. Leider hält sich niemand an die UN-SCR 1701 nicht einmal die UNO (UNIFIL) selbst.Sind dann also Luftangriffe auf illegale Waffenlieferungskonvois und für die Hisbollah bestimmte Waffenlager ""völkerrechtswidrig"" oder ein legitimer Akt der Selbstverteidigung gegen die Bedrohung der eigenen Zivilbevölkerung durch besagte Terrorgruppe?"
"""umgekehrt aber wollen sie vermutlich, daß die familien der von israel ohne anklage oder Verhandlung weggesperrten Palästinenser ohne Unterstützung dastehen - hab ich recht?""Stellen Sie sich nicht dumm! Die Tatsache, dass die PA umso mehr Geld springen lässt, je mehr Menschen ein Attentäter ermordet hat, führt Ihre kleine Suggestivfrage ad absurdum.Das Gesetz wird übrigens im oben verlinkten Artikel behandelt. Oder wollen Sie jetzt ein arabisches Zitat?"
"Es geht nicht mal nur ums ""nicht Trauen""...sie machen es ganz einfach bei niemandem sonst. Mit Marokko haben sie sogar ein Fischereiabkommen, das die Gewässer der seit 1975 von Marokko annektierten Westsahara ausdrücklich mit einschließt. Pikanterweise wurde das Abkommen genau in jener Woche verlängert, in der zum ersten Mal die Kennzeichnungspflicht für ""Siedlerwaren"" ins Gespräch gebracht wurde."
"Im Grunde ist es auch wurscht. Tatsache bleibt: Die EU behandelt niemanden in vergleichbarer Weise. ""Zufälligerweise"" handelt es sich genau um jenen Staat, der sich als Staat des Jüdischen Volkes definiert. Für die Optik macht es keinerlei Unterschied, ob die EU dieses Selbstverständnis akzeptiert oder nicht. ""eher schon ignoriert man diese völkische staatsdefinition als seltsame marotte""Hallo??? Praktisch alle Staaten definieren sich ""völkisch"". Hast eigentlich auch Probleme mit der Forderung nach einem ""Palästinenserstaat""?Wenn ich so drüber nachdenke, erkennt die EU übrigens Israel sehr wohl als Jüdischen Staat an. Sonst würde sie nämlich nicht betonen, dass ""Antizionismus"" Antisemitismus sei..."
"Es kommt halt auf den Staat an, der da entstehen soll. Bisher gibt es keinen einzigen Hinweis darauf, dass dieser ""Palästinenserstaat"" ein guter und friedlicher Nachbar ware. Im Gegenteil! Warum gibt es denn bis heute keine verbindliche Aussage eines palästinensischen Politikers, dass die Gründung eines Palästinenserstaates den Konflikt beenden würde?"
"Hallo??? Schon mal etwas von ""Waffenstillstand"" gehört? Der Waffenstillstand von 1956 sah eindeutig vor, dass sich Ägypten mit seiner Armee von der israelischen Grenze fernhält. Zu diesem Zweck gab's ja auch die UNO-Mission UNEF.Nasser verlangte 1967 den Rückzug der UNEF (die auch sofort Folge leistete), machte mobil und ließ seine Truppen an der Grenze zu Israel aufmarschieren. Zusätzlich wurde über Radio Kairo die ""bevorstehende Vernichtung"" Israels verkündet.Es ist nicht normal, mobilzumachen und dann mit der Armee an der Grenze eines Nachbarn aufzumarschieren. In diesem Fall muss damit gerechnet warden, dass der Nachbar nicht geduldig abwartet, bis er angegriffen wird.Spätestens die erneute Seeblockade Elats war dann aber wirklich ein lupenreiner Kriegsakt der Ägypter..."
"Was haben Sie jetzt am palästinensischen Terror-Renten-System nicht verstanden? Die PA bietet einen handfesten finanziellen Anreiz, Terrorakte gegen Israel zu verüben.Je mehr Tote ein Attentat fordert, desto höher die ""Prämie"". Je höher die verhängte Haftstrafe bei gefassten Tätern, desto höher die ""Prämie"".Am meisten gibt's (für die Familie) wenn der Täter bei dem Angriff zum ""Märtyrer"" wird.Das ist ein fixer Posten des Budgets der PA (derzeit ganze 6%). Wer der PA Geld spendet, ermöglicht ihr also diese Zahlungen. Warum sind denn die EU-Zahlungen nicht an die Bedingung geknüpft, dass dieses unsägliche Terror-Renten-System eingestellt wird?Sie können es drehen und wenden wie Sie wollen! Unsere Steuergelder werden zur ""finanziellen Vergütung"" palästinensischen Terrors verwendet! Aber gut, wenn Sie ein Prämiensystem für Mord ""normal"" finden, ist das Ihre Sache..."
"""all das belegt in keiner weise einen ""angriff"", den sie aber tatsachenwidrig in ihrem posting behauptet haben""Und die erneute ägyptische Seeblockade Elats 1967 war dann was genau? Kein Kriegsakt? Echt jetzt?Und was ein Präventivkrieg ist, weißt du? Wenn jemand mit 100.000 Mann und 1000 Panzern an deiner Grenze auffährt und deine bevorstehende Vernichtung ankündigt, musst du definitiv nicht warten, bis der Kerl dich anzugreift.Ah ja? Was soll denn beim Libanonkrieg gewesen sein? 1. oder 2. ?In beiden Fällen gab es zuvor Abgriffe aus dem Südlibanon. Im Falle des 1. Libanonkrieges gab es massiven Raketen- und Artilleriebeschuss Nordisraels durch die im Südlibanon agierende PLO. Deswegen marschierte Israel ja schon mal 1978 in den Südlibanon ein. Der PLO-Anschlag, der dann 1982 zum Krieg führte, war lediglich der letzte Funke, den es brauchte."
"Wer lesen könnte, wäre klar im Vorteil...""Under a sliding scale, carefully articulated in the law of the prisoner, the more serious the act of terrorism, the longer the prison sentence, and consequently, the higher the salary. Incarceration for up to three years fetches a salary of almost $400 per month. Prisoners behind bars for between three and five years will be paid about $560 monthly – a compensation level already higher than that for many ordinary West Bank jobs. Sentences of ten to 15 years fetch salaries of about $1,690 per month. Still worse acts of terrorism against civilians, punished with sentences between 15 and 20 years, earn almost $2,000 per month.""Da wurde offensichtlich aus dem Gesetz zitiert. Ist das klar genug? Oder wollen sie sich wieder rauswinden?"
"Na wenn Sie meinen. Man kann sich natürlich alles so zurechtzimmern, dass sich zumindest selber nicht als Heuchler empfinden muss. Ob man andere mit den Ausflüchten täuschen kann, ist freilich eine ganz andere Frage.Die Boykottfreunde fordern doch auch einen akademischen Boykott. Also: Warum werden dann trotzdem Entwicklungen israelischer Akademiker genutzt? Der israelische Part bei den Intel CPUs ist übrigens schon ein wenig mehr als ""an der Entwicklung teilhaben""."
"Wenn sie so einseitig ausfällt wie beí Israel, sicher. Ich verbitte mich z.B. auch gegen diesen ""der Westen ist an der Misere in Syrien schuld""-Schmäh.So als wäre Putin jetzt der große Retter, nachdem er zuvor fleißig mitgeholfen hatte, denn Karren in den Dreck zu schieben. Es gab übrigens auch bei der Berichterstattung zum Jugoslawienkrieg die mehr als auffällige Tendenz der Medien, sehr einseitig gegen Serbien zu berichten. Besonders sichtbar wurde das dann im Zuge des Kosovokrieges...als die NATO hinterher draufkommen musste, dass die UCK doch nicht so unschuldig und das arme Opfer war, wie sie in den Medien vor dem NATO-Einsatz standing dargestellt wurde."
"Lesen sollte man halt schon können...http://www.theguardian.com/commentisfree/2013/nov/11/british-american-aid-subsidises-palestinian-terrorismhttp://dailycaller.com/2013/11/13/new-book-documents-how-american-taxpayers-finance-palestinian-terrorists/Es gibt noch andere Artikel zu dem Thema. Google ist Ihr Freund...Je schwerwiegender die Tat, desto mehr Geld. Oder was haben Sie jetzt immer noch nicht verstanden?"
"""wenn er sich ausdrücklich als ""arabisch"" oder ""muslimisch"" sieht - ja!""Ah ja? Warum wettern Sie dann nicht dagegen? Wir wissen beide ganz genau, dass er sich so definieren wird - wie nebenbei ALLE arabischen Staaten (beim Libanon bin ich nicht sicher, ob er sich auch ""muslimisch"" definiert, wahrscheinlich eher nicht. Arabisch aber auf jeden Fall).""Österreich z.b. führt wie d explizit verschiedene Ethnien in seiner staatsbevölkerung auf""Israel macht in der Unabhängigkeitserklärung auch klar, dass seine Minderheiten gleiche Rechte haben.Warum die Definition als Jüdischer Staat für Israel wichtig ist, hat auch historische Gründe. Israel sieht sich als Zuflucht für verfolgte Juden.Übrigens haben an die 100 Staaten ein ""Rückkehrgesetz"". Die müssen sich also zwangsläufig ""völkisch"" definieren."
"Israel sieht sich als Zuflucht für verfolgte Juden. Nach den Erfahrungen des Holocaust, als kaum jemand Juden aufnehmen wollte, die vor den Nazis auf der Flucht waren, ist dieser Anspruch umso verständlicher.Gerade Deutsche und Österreicher sollten sich hier bei der Verurteilung dieses Selbstverständnisses nicht zu weit aus dem Fenster lehnen.Wie erklären Sie sich denn übrigens, dass zahlreiche Staaten (darunter z.B. Deutschland und Norwegen) ein ""Rückkehrgesetz"" haben, das mit jenem Israels vergleichbar ist? Wer so ein Gesetz hat, muss zwangsläufig in irgendeiner Form ""völkisch definiert"" sein. Oder wie will er denn sonst definieren, wer ein Recht auf Rückkehr habe?https://en.wikipedia.org/wiki/Right_of_return"
"Witzig, dass Sie das ansprechen. Hier síeht man nämlich besonders deutlich, dass sich Israel eben doch als ""Staat des Jüdischen Volkes"" und nicht als ""Staat des Judentums"" definiert.Es sollte bekannt sein, dass im religiösen Sinne als ""Jude"" gilt, wer eine jüdische Mutter hatte. Israel ist da großzügiger. Im Rahmen des Rückkehrgesetzes können Personen nach Israel einwandern, die einen jüdischen Großelternteil haben - auch väterlicherseits. Und natürlich nichtjüdische Ehepartner diese Personen."
"Also bitte! Wie würden Sie den die seit dem Bestehen der PA grassierende systematische Hetze gegen Israel deuten? Oder den eigentümlichen Brauch, Straßen und Plätze nach Massenmördern zu benennen? Oder dieses unsägliche Prämiensystem für Terrorismus?  Oder die Eskalation des Raketenbeschusses aus Gaza NACH dem israelischen Abzug? Meinen Sie, Israel ist scharf auf eine ähnliche Situation nach einem Abzug aus der Westbank? Ohne erkennbaren Friedenswillen auf der palästinensischen Seite wird sich Israel niemals noch verwundbarer machen als es jetzt schon ist."
"Die Angehörigen von pal. Terroristen sind nicht automatisch arme Hascherl. Viele sind stolz auf die Taten ihres jeweiligen Verwandten und sie profitieren finanziell von Terrorakten. Schon mal was vom pal. ""Terror-Prämien-System"" gehört? Je schwerwiegender ein Anschlag (Zahl der Toten), desto mehr Geld gibt es. Wird der Attentäter zum ""Märtyrer"", kann sich seine Familie über einen besonders großzügigen Geldsegen freuen. Die EU finanziert dieses zynische System übrigens wissentlich mit..."
"Die Sache sollte eigentlich ziemlich leicht verständlich sein. Wenn dich ein Irrer auf der Straße mit einem Messer anfällt, um dich abzustechen, verteidigst du dich. Und das hat nichts mit irgendeiner ""Spirale der Gewalt"" zu tun. Wenn du dich ohne Gegenwehr abstechen lässt, sucht sich der Irre mit dem Messer sein nächstes, zufällig vorbeikommendes, Opfer - bis ihn jemand aufhält. Denn hier geht es nicht um ""Selbstverteidigung gegen eine Besatzung"", sondern eine durch systematische Aufhetzung auf pal. Seite verursachte Mordkampagne. Oder wie dient der Mord an Zivilisten in Israel ""der palästinensischen Sache""?"
"Schon mal auf die Idee gekommen, dass das ""APA-Sprech"" sein könnte? Die Terrorakte, derentwegen die Häuser jetzt zerstört wurden, liegen Monate zurück. Es ist also mehr als unlogisch, dass hier einfach nur nach Mutmaßungen gehandelt wird. Sonst würden sie die Häuser eher gleich planieren, wenn sie einen Verdächtigen festgenommen haben."
"Da hat wieder mal einer noch nie etwas vom Talionsprinzip gehört...Wann regst dich denn über das palästinensische Terror-Prämien-System auf, das nebenbei von der EU wissentlich mitfinanziert wird? Je schwerwiegender ein Anschlag (also je mehr Tote) desto mehr Geld gibt es. Wird der Attentäter getötet, lässt die PA besonders viel Geld spielen. Solange sich Terror für Palästinenser finanziell lohnt (das sind immerhin die höchsten ""Gehälter"", die man als Palästinenser verdienen kann), wird sich nicht ändern. Und solange die internationalen Geldgeber ihre Spenden nicht von einer dem Frieden dienenden Verwendung abhängig machen, auch nicht..."
"Wo ist denn eigentlich Ihre Solidarität mit den Kindern ermordeter Israelis? Ich fasse es nämlich nicht, dass einige hier zwar von ""Sippenhaftung"" sprechen, dann aber im gleichen Zug Terror gegen Israelis als ""Selbstverteidigung gegen die Besatzung"" verbrämen. So als wäre der Mord an israelischen Zivilisten keine Sippenhaftung für israelische Politik..."
"Wann beklagst dich denn mal über das palästinensische Terror-Prämien-Gesetz? Einer der Gründe für die Hauszerstörungen. Palästinenser profitieren finanziell, wenn sie Terrorakte begehen. Die Hauszerstörungen sollen den Anreiz wieder nehmen. Ideal ist es definitiv nicht. Aber wer sich nicht über dieses von der EU wissentlich mitfinanzierte System aufregt, sollte auch beim anderen Thema lieber still sein, wenn er sich nicht als Heuchler outen möchte..."
"Apropos ""Sippenhaftung""...und das Frage ich die Fraktion, die meint, dass diese Terrorakte ""Selbstverteidigung gegen die Besatzung"" sei: Ist der Mord an Zivilisten aufgrund israelischer Politik nicht auch Sippenhaftung? Mit dem Unterschied, dass man ein Haus wieder aufbauen, einen ermordeten Menschen aber nicht wieder zum Leben erwecken kann..."
"Ah geh. Hör mal mit dem Blödsinn auf. Das erklärt nicht die Tatsache, dass auch israelische Araber unter den Tätern sind. Araber haben nirgends im Nahen Osten auch nur annähernd so viele Rechte wie als Staatsbürger Israels. Was ist denn mit den hunderten Millionen Jugendlichen auf diesem Planeten, denen es viel dreckiger geht als den Palästinensern? Warum greift von denen niemand zum Messer?Warum sind Juden nach dem Holocaust durch Deutschland und Österreich gezogen, um wahllos ""Nazis"" niederzustechen? Hättest auch dafür ""Verständnis"" gehabt? Die Gründe (nämlich mindestens ""6 Millionen + einer"") wären jedenfalls wesentlich gewichtiger gewesen als bei den Palästinensern..."
"""wenn man gleichzeitig solche völlig unbegründeten Pauschalvorverurteilungen vornimmt"".Das ist jetzt allerdings eine Vorverurteilung deinerseits. Woher weißt du denn, wie die Beweislage in dem Fall aussieht? Man kann auch vor einem Prozess wasserdichte Beweise haben - z.B. wenn der Täter auf frischer Tat ertappt wird. Der Prozess ist dann nur mehr eine Pflichtübung zur Festlegung des Strafmaßes.Denk deinen Vorwurf mal logisch durch: Würde Israel tatsächlich ""bloß auf Verdacht"" Häuser abreissen, würde dies pausenlos geschehen. Genau das ist aber nicht der Fall. Die den aktuellen Hausabrissen zugrunde liegenden Terrorakte liegen mehr als 4 Monate zurück..."
"Die schwedische Außenministerin hat schon so einen Stuss behauptet. Also von wegen ""Frustration der Palästinenser"" und so. Wenn Europa wirklich den Krieg gegen den Terror gewinnen möchte, sollte es schleunigst begreifen, dass jihadistischer Terror gegen Europa aber auch nicht das Geringste mit dem Konflikt um Israel zu tun hat. Die Agenda der Geistesgestörten vom Schlage des IS geht nämlich weit über Israel, ja den ganzen Nahen Osten hinaus..."
"Gelyncht wurde er allerdings nicht. Akzeptabel war's aber auf jeden Fall nicht. Aber was bewegt dich jetzt zu der Annahme, dass die Täter - soweit sie bekannt sind - ungeschoren davonkommen? Über die Mörder von Duma wird berichtet, dass man sie noch nicht verhaften könne, weil dies die weiteren (Undercover-)Ermittlungen gefährden würde. Ist also gut möglich, dass da erst die gesamte Organisation ausgehoben wird.Die sind nämlich auch eine Gefahr für Israel selbst..."
"Ah ja? Auf welcher ""völkerrechtlichen Grundlage"" denn ausgerechnet in ""Ostjerusalem""? Also lass hören: Was soll die völkerrechtliche Grundlage der Annahme sein, dass Juden kein Recht hätten, im Ostteil der Stadt zu leben? Die ethnische Säuberung ""Ostjerusalems"" von allen Juden durch die Jordanier 1948? Jerusalem hatte ja immerhin seit mindestens 1850 durchgängig eine jüdische Bevölkerungsmehrheit."
"Echt jetzt? Es ist 51 Jahre her, dass die PLO gegründet wurde, um Israel zu zerstören - drei Jahre vor dem Sechs-Tage-Krieg 1967 und der israelischen ""Besatzung"". Unmittelbar nach dem Krieg 1967 bot Israel die Rückgabe der eben eroberten Gebiete gegen Frieden und Anerkennung an. Die Reaktion der Araber war eindeutig:""Keine Verhandlungen!""""Keine Anerkennung!""""Kein Ende des Kriegszustandes!"""
"Und wie soll das Frieden bringen? Manche Phantasten scheinen zu meinen, dass zum Frieden lediglich eine Erfüllung der Maximalforderungen der Palästinenser nötig sei und keinerlei Friedenswillen auf palästinensischer Seite.Aber haben Sie schon mal einen pal. Politiker vom Ende des Konflikts im Falle der Gründung eines Palästinenserstaates redden gehört - und zwar verbindlich? Genau! Ich auch nicht. Solange es auf palästinensischer Seite keinen erkennbaren Willen zur friedlichen Koexistenz gibt, ist der Traum vom Frieden durch ein Ende der Siedlungen ein naiver Wunschtraum.Was ist mit der systematischen Hetze auf pal. Seite? Es ist schon verblüffend, dass dieser Missstand nie als ""Friedenshindernis"" identifiziert wird. Dabei ist es leichter, Siedlungen abzureissen oder an die Palästinenser zu übergeben als einer ganzen Generation palästinensischer Jugendlicher, die im Bildungssystem der PA systematisch aufgehetzt wurden, zum Frieden ""umzupolen""..."
"Aha...jetzt musst nur erklären, warum das ausgerechnet für ""Ostjerusalem"" gelten sollte. Nochmal: Auf welcher völkerrechtlichen Grundlage soll es susgerechnet für Juden ""illegal"" sein, in ""Ostjerusalem"" zu leben? Hast schon vergessen, dass der Ostteil der Stadt bis 1967 von Jordanien besetzt war und bis zur ethnischen Säuberung durch Jordanien 1948 seit mindestens 100 Jahren (bis 1948, bis heute 165 Jahre) eine jüdische Bevölkerungsmehrheit hatte?"
"Ah ja und nach der Logik erklärst mir jetzt bitte, warum die mindestens 2 Mrd Menschen, denen es erheblich beschissener geht als den Palis, nicht zum Terror greifen...Mit deiner Logik kannst wirklich alles rechtfertigen.Hättest auch für Juden soviel Verständnis gehabt, wenn sie nach dem 2. WK durch Deutschand und Österreich gezogen wären, um wahllos Menschen abzustechen? Ich meine, mindestens 6 Mio Gründe hätten sie ja schließlich gehabt..."
"Am besten probierst das selber beim nächsten Polizisten aus. Was ""Notwehr"" ist, ist dir hoffentlich klar? Wenn du jemanden mit einem Messer bedrohst, wirst du wohl eher verhaftet - übrigens auch in Israel. Wenn du allerdings bei uns einen Polizisten mit einem Messer angreifst, besteht auch hier die nicht geringe Wahrscheinlichkeit, dass du dabei mindestens angeschossen wirst. Lass dich übrigens nicht von der tendenziösen APA-Berichterstattung blenden. Die versucht regelmäßig, die wahre Absicht des Angreifers in Zweifel zu ziehen..."
"Du solltest die tendenziöse Sprache der APA nicht mit der Wirklichkeit verwechseln. Warum wird denn am Ende jedes Artikels der aktuelle ""Spielstand"" gebracht? Das ist doch mehr als durchsichtig. Ich bin mir nichtmal sicher, ob der Zusatz ""ein Großteil davon mutmaßliche Attentäter."" von der APA stammt, sondern bereits eine Anmerkung des Standard ist, denn bis vor relative kurzer Zeit, kam diese Bemerkung im Rahmen des APA-Zahlenspiel nicht vor...Und ich glaube einfach nicht dran, dass sich die APA geändert hätte..."
"Der Witz ist ja, dass das ""Westjordanland"" und ""Ostjerusalem"" wohl nie durch Israel erobert worden wären, wenn Jordanien nicht von sich aus in den Sechs-Tage-Krieg eingetreten und Israel unmittelbar angegriffen hätte.Im Vorfeld des, sich durch die ägyptischen Provokationen und den noch gesteigerten syrischen Artielleriebeschuss der nordisraelischen Bevölkerung abzeichnenden, Krieges hatte Israel den Jordaniern gegenüber schließlich bekundet, dass es keine jordanische Verwicklung in den Krieg wünsche.Nachdem die Jordanier allerdings dazu übergingen, ""Westjerusalem"" und den Großraum Tel Aviv mit Artillerie zu beschießen (alleine über 6000 Granaten auf Jerusalem) und die entmilitarisierte Zone im Süden Jerusalems zu besetzen, hatte Israel keine andere Wahl als gegen diese Bedrohung in seinem Rücken vorzugehen. Als dann die Araber die Gebiete nicht gegen Frieden zurücknehmen wollten, war die Sache zementiert."
"Noch ein Appell an die Logik...Die APA formuliert ihre Berichte häufig so, als wäre der Angreifer gelassen mit gezücktem Messer auf den auserkorenen Tatort zugeschlendert. Diese Vorstellung ist natürlich alles andere als glaubhaft. Bisher war es immer so, dass diese Typen aus dem Hinterhalt angriffen - also das Messer erst im letzten Moment gezückt haben. Oder sie stürmten mit gezücktem Messer auf das auserkorene Opfer zu."
"Es gibt also ""legale Besatzung""? Und warum sollte dann ausgerechnet die Besatzung eines Gebietes, wo es seit 50 Jahren keinen anerkannten Souverän gab, ""illegal"" sein. Hätten Sie mal die Güte, das rechtlich schlüssig zu erklären? Und bitte nicht wieder ""die UNO hat gesagt..."" (hat sie nebenbei nämlich nicht, jedenfalls nicht ein Gremimum, das rechtlich verbindliche Beschlüsse fassen kann)."
"Machst du dir eigentlich auch wegen der Opferzahlen in Syrien Sorgen? Dort sind nämlich in den letzten 4,5 Jahren mindestens viermal soviele Menschen ums Leben gekommen wie im gesamten Konflikt um Israel in 70 Jahren...Und wie sieht's mit den zivilen Opfern durch die seit Monaten andauernden Saudischen Luftangriffe im Jemen aus? Kein Schwein interessierts, aber nach allem, was so durchsickert, muss es schon ein Vielfaches der Opfer des letzten Gazakrieges sein. Zumal die Saudis, was Präzisionsangriffe angeht, im Vergleich zu den Israelis richtige Stümper sind. Sie warnen natürlich auch nicht vor Angriffen, wie die Israelis es 2014 taten.Wenn wir schon dabei sind, sollte auch klar sein, dass längst nicht alle palästinensischen Toten des letzten Krieges bei israelischen Angriffen ums Leben kamen. Von den über 4000 von der Hamas Richtung Israel abgefeuerten Raketen kamen mehr als 500 im Gazastreifen runter. Opferzahl unbekannt, aber garantiert beträchtlich"
"So einfach kannst du dir die Sache nicht machen. Du musst dir schon ansehen, von wem hier die Aggression ausging. JEDEM einzelnen Krieg Israels gingen massive Angriffe seiner Nachbarn voraus. Israel vorzuwerfen, dass sie die gegen sie angezettelten Kriege gewonnen haben, kann's ja wohl nicht sein.Übrigens kamen alleine im ""Schwarzen September"" 1970 mehr Palästinenser durch jordanische Hand ums Leben (~40.000) als im gesamten Konflikt mit Israel seit 1948."
"Ah ja und du willst uns jetzt allen Ernstes erklären, dass Israel seine Bevölkerung ""nach außen abschotten"" möchte? Ich meine, ausgerechnet Israel, als eine der treibendsten Kräfte der Web 2.0-Entwicklung und mit einer der am vernetztesten Bevölkerungen weltweit?Was hast du nochmal über ""geistige Umnachtung"" geschrieben? Übrigens solltest mal erklären, wie du überhaupt zu deinen oben gemachten Einschätzungen kommst. Das Gesetz richtet sich nämlich nicht gegen freie Meinungsäußerung, sondern ungebührende Einflussnahme durch ausländische Regierungen. Oder fändest es lustig, wenn bei uns zur Gänze von ausländischen Regierungen finanzierte NGOs versuchen würden, unsere Politik im Sinne der auftragegebenden Staaten zu beeinflussen?"
"Ja, weil wir entweder kein Problem mit vom Ausland implantierten NGOs haben oder zu deppert sind, es zu merken.Was genau soll denn übrigens an der Forderung nach Transparenz bezüglich der Finanzierung von NGOs ""antidemokratisch"" sein? Bisher dachte ich immer, Transparenz sei eine der wichtigsten Säulen der Demokratie..."
"Zum Beispiel so zweifelhafte ""NGOs"" wie ""Breaking the Silence"", die nachweislich so gut wie ganz aus dem Ausland finanziert werden und regelmäßig mit absolut haltlosen Behauptungen über angebliche Kriegsverbrechen der IDF Israel anzupatzen versuchen.Mir ist nicht ein Fall bekannt, in dem sie konkrete Beweise geliefert hätten. Es sind ja noch nicht einmal die Namen der ""Erheber der Vorwürfe"" bekannt und regelmäßig handelt es sich um ""Hörensagen"". Alleine das angebliche Befragungsprotokoll zum letzten Gazakrieg spricht Bände. Sofern dort überhaupt echte Befragungen dokumentiert sind - denn wie erwähnt, bleibt die ""NGO"" sämtliche Informationen zur Identität der ""Befragten"" schuldig - ist auf jeden Fall die mehr als problematische Befragungspraxis ersichtlich. Der ""Interviewer"" lenkte die Befragten ganz klar ersichtlich durch Suggestivfragen in die von ihm gewünschte Richtung. Es ist tatsächlich unfassbar, wie dreist sie das in dem ja öffentlich verfügbaren ""Bericht"" zur Schau stellen."
"Habe doch oben beschrieben, was die Organisation zweifelhaft macht. Lesen sollte man halt schon können! Die Organisation blieb bis heute sämtliche Beweise für ihre Vorwürfe schuldig. Sie kann ja noch nichteinmal ihre ""Zeugen"" glaubhaft benennen. Hier noch, was NGO-Monitor dazu zu sagen hat. Sehr interessant...http://www.ngo-monitor.org/article/breaking_the_silence_shovirm_shtika_Besonders interessant ist auch das hier:http://www.ngo-monitor.org/article/europe_to_breaking_the_silence_bring_us_as_many_incriminating_testimonies_as_possible"
"Problematisch wird es halt, wenn díe ausländischen Geldgeber Einfluss auf die Arbeit der ""NGO"" nehmen. So gelang z.B. NGO-Monitor der Nachweis, dass einige europäische Financiers von ""Breaking the Silence"" ihre Spenden von der Fähigkeit BtS's abhängig machten, ein Mindestmaß an inkriminierenden Zeugenaussagen gegen die Israelische Armee zu sammeln (""its ability to gather a minimum number of incriminating “testimonies” against the Israeli army"")http://www.ngo-monitor.org/article/europe_to_breaking_the_silence_bring_us_as_many_incriminating_testimonies_as_possible"
"Das Hauptinteresse von Breaking the Silence scheint zu sein, Israel mit nicht verifizierbaren Vorwürfen von ""Kriegsverbrechen"" anzupatzen. Es ist interessant genug, dass der NGO der ""israelische Binnenmarkt"" offenbar nicht wirklich wichtig ist - sprich, ""eine Veränderung in der israelischen Gesallschaft herbeizuführen"". Auch scheint die Aufklärung, der von ihr behaupteten ""Kriegsverbrechen"" nicht wirklich Priorität zu haben. Hauptbeschäftigung der NGO ist, auf internationalen Vortragstouren - also außerhalb Israels - Stimmung gegen Israel zu machen. Schau dir einfach nochmal an, was NGO-Monitor über die Aktivitäten der NGO zu berichten weis:http://www.ngo-monitor.org/article/breaking_the_silence_shovirm_shtika_"
"Na, wenn Sie nicht lesen können, tut es mir echt leid:Zweifelhaft an der Organisation ist, dass sie stets Beweise für die von ihr erhobenen Vorwürfe schuldig bleibt. Zweifelhaft ist, dass sie ihre ""Zeugen"" nicht namentlich benennen will oder kann. Damit ist keinerlei Überprüfung der Angaben möglich.Zweifelhaft ist, dass die Organisation vor allem mit ihren Vorwürfen im Ausland hausieren geht, anstatt auf eine Veränderung in Israel selbst hinzuarbeiten.Wenn Sie NGO-Monitor nicht trauen, müssen Sie eben selbst Recherchen anstellen. BtS legt seine Financiers eh selber offen. Auf der BtS-Website lassen sich auch die Aktivitäten der NGO (Stichwort ""Vortragstouren"" im Ausland usw.) nachvollziehen. Also, machen Sie sich selbst ein Bild."
"""Der Tatbestand der Kriegsverbrechen interessiert dich nicht, obwohl dieser dokumentiert und belegt ist. ""Welcher ""Tatbestand""? Die Vorwürfe sind eben nicht belegt. Die NGO ist ja noch nichtmal bereit, die Namen ihrer ""Zeugen"" zu nennen. Wie soll denn da eine Überprüfung der Vorwürfe möglich sein? Außerdem geht aus vielen dieser ""Zeugenaussagen"" hevor, dass die vermeintlichen ""Zeugen"" die besagten Ereignisse gar nicht selbst miterlebt haben, sondern dass die Aussage auf ""Hörensagen"" beruht.Aber wie an anderer Stelle gesagt: Wenn du NGO-Monitor nicht traust, durchleuchte BtS eben selbst. Ist jetzt wirklich kein großes Problem."
"""Den dieser vertritt Israelische interessen in Deutschland und schert sich herzlich wenig um die dadurch entstehende Gefahr für Juden in Deutschland. """"dadurch entstehende Gefahr für Juden in Deutschland""Soso, jetzt wissen wir zumindest, wie du tickst. Dass eine jüdische Organisation naturgemäß Positionen eines jüdischen Staates vertreten könnte, ist jetzt nicht so abwegig.Alleine deswegen ist ein Vergleich mit diesen von der EU usw. finanzierten NGOs vollkommen abwegig. Israel finanziert den Zentralrat meines Wissens nicht. Jedenfalls nicht in dem Maße wie europäische Staaten es bei so mancher israelischen ""NGO"" tun. Immerhin gibt es Berührungspunkte zwischen Israel und dem Zentralrat. Aber was genau hat jetzt Norwegen mit einer NGO in Israel zu tun? Genau! Gar nichts!"
"Die Sache ist aber z.B. im Falle von ""Breaking the Silence"" ziemlich problematisch. Durch die Spender ist die NGO praktisch gezwungen, ""israelische Kriegsverbrechen"" zu produzieren. Und wie gesagt: Was ""Transparenz"" im Zusammenhang mit den erhobenen Vorfürfen angeht, ist BtS eben mehr als bedenklich. Und was soll das für eine NGO sein, die nicht vorrangig an der Lösung der von ihr thematisierten ""Probleme"" interessiert scheint, sondern vorrangig mit ihren nicht verifizierbaren Vorwürfen im Ausland hausieren geht? Das sieht jedenfalls nicht nach einer NGO aus, die Kriegsverbrechen aufklären möchte, sondern nach einer vom Ausland finanzierten und gesteuerten antisraelischen Propagandashow."
"Welche Zeugen? Es gibt keinen einzigen namentlich bekannten Zeugen. Damit ist auch nicht überprüfbar, ob irgendeiner dieser ""Zeugen"" überhaupt existiert.Und ich habe schon mal gesagt, dass die Website von Breaking the Silence selbst eine gute Quelle ist. Nachschauen must du schon selber.http://www.breakingthesilence.org.il/"
"Dann schau halt endlich mal auf deren Website vorbei. Da kannst dich dann selber von ihren Tätigkeiten im Ausland überzeugen.http://www.breakingthesilence.org.il/Das ist DIE Primärquelle. Ich mehm dir jetzt sicher nicht die Arbeit ab, sie zu prüfen. Akzeptierst sowieso nichts als Faktum, was dir nicht in den Kram passt."
"Nennen Sie mir einen einzigen Fall, in dem BtS schlüssige Beweise geliefert hätte. Die sind noch nicht einmal in der Lage, ""Zeugen"" namentlich aufzuführen. Solange hier keine Veränderung eintritt, muss von haltlosen Behauptungen gesprochen werden. Das Problem an dieser NGO ist ja gerade, dass sie keine wirkliche Kritik übt. Sie macht keinerlei Anstalten, diese angeblichen Fälle von Kriegsverbrechen aufklären zu wollen. Sie engagiert sich auch kaum in Israel selbst, ""um irgendetwas zu verändern"". Ihre Hauptbeschäftigung besteht darin, Vortragstouren durch Europa und die USA zu unternehmen und Israel mit nicht verifizierbaren Vorwürfen anzupatzen."
"Was soll solchen Soldaten denn passieren, wenn sie sich namentlich outen? Schauen Sie sich mal den BtS-Bericht zum letzten Gazakrieg an. Dann wissen Sie, was ich mit der problematischen Vorgehensweise dieser NGO meine.In vielen Fällen sagen die ""Befragten"" überhaupt gleich, dass ihre Aussagen auf Hörensagen beruhen. Die Interviewer helfen ganz offen mit Suggestivfragen nach und bringen die Befragten dazu, Dinge zu sagen, die sie von ihnen hören wollen. Es ist unfassbar, wie offen diese Methodik in vielen der Befragungsprotokollen zur Schau gestellt wird.  Außerdem zeichnen sich die Interviewer immer wieder durch eine unfassbare Ignoranz bezüglich der Gegebenheiten auf einem Schlachfeld aus.Wenn ich mich richtig erinnere, wurde beispielsweise moniert, dass die IDF bei einem Feuergefecht nicht geprüft habe, ob sich in dem Gebäude, aus dem Beschuss durch die Hamas erfolgte, noch Zivilisten befunden hätten, bevor die Soldaten das Feuer erwiderten."
"Stellen Sie sich nicht dumm! Sie wissen ganz genau, dass ich von Organisationen gesprochen habe, die praktisch zur Gänze aus dem Ausland finanziert werden. Und wie gesagt: Die absolut intransparente Vorgehensweise von z.B. Breaking the Silence hat mit seriöser Kritik nichts mehr zu tun. Das ist eine lupenreine Propagandashow für's Ausland. Oder was haben Sie an der Tatsache nicht verstanden, dass diese ""NGO"" gar nicht an der Beseitigung der von ihr angeprangerten Missstände in Israel interessiert zu sein scheint, sondern ihre Energie darauf verwendet, auf internationalen Vortragstouren Israel ""Kriegsverbrechen"" vorzuwerfen. Wie gesagt: Wo sind die Beweise für die BtS-Vorwürfe?"
"Tun Sie doch nicht so, als würden Sie diesen Mechanismus nicht verstehen. Wenn die NGO nicht die Erwartungen ihrer Financiers erfüllt, stellen die eben ihre Zahlungen ein. Zumal es ja NGO-Monitor gelungen ist, genau dies im Falle von ""Breaking the Silence"" nachzuweisen.http://www.ngo-monitor.org/article/europe_to_breaking_the_silence_bring_us_as_many_incriminating_testimonies_as_possibleNoch Fragen?"
"Was sagen Sie denn zu folgender Aussage seitens NGO Monitor im Zusammenhang mit dem BtS-Bericht über den letzten Gazakrieg?""The testimonies (if indeed reliable) that portray questionable incidents should be fully investigated. In such instances, the testimony and relevant individuals should be referred to the Military Advocate General Corps, which can order an investigation to be opened. That BtS did not approach the MAG Corps raises serious questions regarding the NGO’s motives.""Also warum ist diese NGO offenbar gar nicht an der Aufklärung der von ihr angeprangerten Vorfälle interessiert? Finden Sie das nicht selbst ""ein klein wenig merkwürdig""?"
"Ja und? Sie werden trotzdem so gut wie zur Gänze aus dem Ausland finanziert und im Fall von BtS ist auch nachgewiesen, dass bestimmte Geldgeber insofern Einfluss nehmen, als sie ihre Zahlungen davon abhängig machen, dass BtS Kriegsverbrechensvorwürfe gegen Israel produziert.Gehen SIE doch bitte mal darauf ein, dass diese NGO ganz offensichtlich gar nicht an der Aufklärung der von ihr genannten Vorfälle interessiert ist. Mir ist kein Fall bekannt, in dem BtS eine Untersuchung der angeblichen Vorfälle angestoßen hätte. Stattdessen verwenden sie ihre Resourcen lediglich für Vortragsreisen, auf denen sie Israel schlecht machen. Was soll denn das bitte für eine Form von ""Kritik"" sein? Jedenfalls keine, die etwas verändern möchte."
"Ich kritisiere BtS nicht, weil sie Israel kritisieren, sondern wegen ihrer absolut unseriösen Arbeitsweise. Sie produzieren nicht verifizierbare Vorwürfe mit stets anonymen ""Zeugen"".Sie zeigen andererseits aber keinerlei Interesse an einer Aufklärung der behaupteten Vorfälle, sondern ziehen lediglich eine Propagandashow fur's Ausland ab. Propaganda sage ich deshalb, weil es sich beim überwiegenden Teil der von BtS beschriebenen Fälle gar nicht um ""Kriegsverbrechen"" handelt. Das ist nämlich das nächste Problem: Die komplette Ignoranz der Organisation gegenüber Kriegsrecht und den Gegebenheiten auf einem Schlachtfeld.Anders ist der folgende Vorwurf aus dem BtS-Bericht zum jüngsten Gazakrieg nicht zu erklären:Die IDF habe bei Feuergefechten mit der Hamas nicht geprüft, ob sich in den Gebäuden, aus denen heraus sie von Hamas-Kämpfern angegriffen wurde, noch Zivilisten aufhielten, bevor sie den Beschuss erwiderte. Hallo?"
"Durchaus nicht. Wenn die Vorwürfe zutreffend sind, ist die israelische Gesellschaft selbstkritisch genug, dass der betreffenden Person mit Garantie nichts passiert.Oder meinst, die Armee kann den verschwinden lassen oder ähnliche Scherze? Von manchen würden solche Soldaten sicher als ""Landesverräter"" angesehen, aber defintiv nicht von der Mehrheit der Gesellschaft.Aber eines muss natürlich klar sein: Bei manchen der von BtS durchgeführten ""Befragungen"" ist es tatsächlich besser, anonym zu bleiben. Denn wenn der Befragte von vorneherein klarstellt, dass er bei dem angeblichen Vorfall gar nicht als Zeuge dabei war, sondern es nur von Hörensagen ""weiß"", dann sollte er tatsächlich anonym bleiben, um nicht wegen möglichen Falschaussagen haftbar zu werden. Genau das ist ja das Problem mit BtS: Häufig waren die ""Zeugen"" gar nicht selbst vor Ort, als die angeblichen Kriegsverbrechen verübt worden seien."
"Wer lesen kann... Steht ja eins drüber. Schauen Sie sich die Berichte von Breaking the Silence auf deren Website an und urteilen Sie selbst. Dort finden Sie auch Informationen zu den Aktivitäten der NGO. Die Arbeit, das zu überprüfen, nehme ich Ihnen sicher nicht ab. Natürlich setze ich ein Grundwissen bezüglich Kriegsrecht voraus, damit Sie Vorwürfe zu ""tatsächlichen Kriegsverbrechen"" von den teils hahnebüchenen Vorwürfen unterscheiden können, die auf der offensichtlichen, vollkommenen Ignoranz der NGO gegenüber dem Kriegsrecht basieren."
"Was ist konkreter als eine Primärquelle? Also ein Beispiel: ""If ‘roof knocking’ was conducted and no one came out after a few minutes, then the assumption was that there was no one there.""http://www.breakingthesilence.org.il/testimonies/database/568083Was BtS wie ein ""Kriegsverbrechen"" aussehen lässt, ist in Wahrheit ein Vorgehen, das weit über die Anforderungen der Haager Landkriegsordnung hinausgeht. Die Haager Landkriegsordnung besagt eindeutig, dass militärisch genutzte zivile Infrastruktur zu einem legitimen militärischen Ziel wird, das ohne Vorwarnung angegriffen werden darf.Als EINZIGE ARMEE DER WELT warnt die IDF aber mehrfach vor solchen Angriffen - zum eigenen taktischen Nachteil, denn auch die Hamas wird dadurch gewarnt. Der Vorwurf seitens BtS ist somit vollkommen unangebracht und es handelt sich ganz gewiss nicht um ein ""Kriegsverbrechen""."
"BtS ""kritisiert"" aber nicht - zumindest scheint sie keinerlei Interesse daran zu haben, auf eine positive Veränderung in Israel hinzuwirken oder die behaupteten ""Kriegsverbrechen"" untersuchen zu lassen - sondern erhebt nicht verifizierbare Vorwürfe und geht damit im Ausland hausieren. Das ist keine ""Kritik"", sondern eine Schmutzkübelkampagne. Aber erklär das mal einem Israelbasher..."
"Inwiefern hat die Aussage keinen Sinn? Terrorinfrastruktur ist eben Infrastruktur, die zur Ausführung von Terrorakten genutzt wird.Also Gebäude, von denen aus Raketen auf israelische Wohngebiete abgefeuert werden, Orte, an denen die Raketen bis zu ihrem Einsatz gelagert werden, Unterkünfte der Kriegsverbrecher, die die Raketen abfeuern oder die Angriffe planen/koordinieren.So schwer kann das ja wohl nicht zu verstehen sein."
"Ist halt immer so eine Frage, ob das alles wirklich zutrifft. Kann gut sein, muss es aber nicht. Im Iran werden gerne solche Begründungen vorgeschoben, wenn unbequeme Personen verschwinden sollen. Da wird man auch sehr schnell zum ""zionistischen Agenten"". Ich glaube durchaus, dass der IS sympathisanten im Iran hat. Aber wie gesagt..."
"Wieso? Hat Israel den NPT unterzeichnet? Nein, natürlich nicht... Also: Wie kann Israel gegen den NPT verstoßen? ""dazu noch Besiedelung ausländischer Territorien usw. ""Man kann ""ausländische Terroristen besiedeln""? Wow? Womit? Mit Milben? Könnte ein probates Mittel gegen dem IS sein. Wenn es die Deppen am ganzen Körper juckt, sind sie leichte Gegner...."
"Ich verstehe nicht ganz, was Sie meinen...Die beste Quelle ist aber die APA selbst, wenn sie im Zusammenhang mit verübten Terrorakten z.B. von dem/den Täter(n) als ""Hamas-Aktivist(en)"" spricht. Das böse T-Wort ist in der westlichen Israelberichterstattung sowieso kaum zu finden. Das sind immer ""Aktivisten"" oder ""Militante"". Jüdische Terroristen, bezeichnen sie dann allerdings sehr wohl als Terroristen..."
"Rückkehrrecht wohin? Dass Israel die Gründung eines Palästinenserstaates akzeptieren und zusätzlich Millionen palästinensischer Flüchtlinge aufnehmen soll, führt die ""Zwei-Staaten-Lösung"" ad absurdum. Es kann nur eine ""Rückkehr"" von Flüchtlingen in den Palästinenserstaat geben. Die 800.000 Juden und ihre Nachkommen (auch das sind mittlerweile eine Menge), die aus der Arabischen Welt vertrieben wurden, können ja auch nicht zurück."
"Nur leider haben die Macher dieser Studie eine Sache komplett übersehen:Die Palästinenser sind keine israelischen Staatsbürger. Die Trennung durch Checkpoints (es gibt eh kaum mehr welche) erfolgt nicht nach rassistischen Kritierien, sondern aufgrund von Sicherheitsaspekten. Vor 1987 gab es überhaupt keine Checkpoints. Palästinenser konnten sich in ganz Israel frei bewegen und dort auch arbeiten. Als sie allerdings im Rahmen der ""1. Intifada"" dazu übegingen, Israelis zu ermorden, wurden die Checkpoints notwendig. Ganz besonders dann während der ""2. Intifada"".Außerdem wird vollkommen verschwiegen, dass die sog. ""Siedlerstraßen"" keine rassistische Maßnahme Israels sind, sondern im Rahmen der Oslo-Verträge als Umfahrungen der Pal. Autonomiegebiete beschlossen wurden. Dem haben die Palästinenser zugestimmt."
"Zu den sog. ""Siedlerstraßen"" sei noch erwähnt, dass sie durchaus nicht nur ""Siedlern"" vorbehalten waren. Allerdings kam es während der ""2. Intifada"" auf diesen Straßen zu zahlreichen Morden an israelischen Autofahrern durch palästinensische Schützen. Das war der einzige Grund, weshalb die Straßen teilweise für Palästinenser gesperrt waren.Heutzutage sind die allermeisten dieser Straßen auch wieder für Palästinenser befahrbar. Alleine die Tatsache, dass es palästinensischen Angreifern in der letzten Zeit immer wieder möglich war, Israelis auf solchen Straßen niederzufahren, führt die Behauptungen der ""Apartheid!""-Schreier ad absurdum. Schon mal drüber nachgedacht? Wohl eher nicht, gell?"
"Was hast jetzt nicht verstanden? Es gibt in Israel kein Weisungsrecht, dass kriminell gewordene Politiker schützt. In Österreich eben sehr wohl. Da ist es völlig wurscht, in welcher Position sich ein Politiker befindet. Natürlich abgesehen davon, dass es z.B. in Österreich umso schwerer werden dürfte, je höher In der Hierarchie sich der entsprechende Politiker befindet. Und da ist eben die Verurteilung eines amtierenden Staatsoberhauptes wie in Israel ein herausragendes Beispiel für Rechtsstaatlichkeit.Wieso lenkst du ab? Es ging nicht um die Frage des ""kriminellesten Staatsoberhaupts"", sondern wo es am ehesten auch für seine Taten in seiner Amtszeit geradestehen muss. Und da ist nun mal Israel um Jahrzehnte weiter als Österreich."
"Das ist schon alleine deswegen vollkommen abstruse, weil Israel 1,5 Mio. arabische Staatsbürger hat. Und natürlich nutzen die auch ElAl. Bei meinem vorletzten ElAl-Flug (Wien-Tel Aviv) wurde ich (als nichtjüdischerÖsterreicher) z.B. bei der Handgepäckskontrolle wesentlich gründlicher gefilzt als das arabische Ehepaar vor mir in der Schlange. Ich bekam meinen Fotorucksack erst nach 30min wieder... ;-)"
"Natürlich war's der Rucksack. Ich habe mich ja auch nicht beschwert und fliege weiterhin nur mit ElAl nach Israel. Schon aus Prinzip, nachdem so viele andere Fluggesellschaften im Sommer 2014 ihre Flüge nach Israel einstellten.Ich sage nur, dass es a) nicht stimmt, dass die ElAl keine Araber befördern würde und b) diese strenger kontrolliert."
"Was soll das Problem sein? Ich habe mich auch nicht beschwert. War mir schon klar, dass sie bei zwei Kameras und x Objektiven etwas länger brauchen. Ich bin auch froh, dass sie gründlich nachschauen. Ich musste ja auch nicht irgendwie länger warten, sondern bekam einfach den Rucksack nach 30min wieder zurück (war übrigens bei den letzten beiden Flügen der Fall - wobei lustigerweise nur immer beim Abflug aus Wien. Beim Rückflug wollten sie in Tel Aviv nach dem Durchleuchten nicht mal reinschauen. Solange sie nicht anfangen, die Objektive zu zerlegen, ist mir die Sache ziemlich egal.Und ja: Ich fliege schon aus Prinzip nur mit ElAl. Nach den Aktionen im Sommer 2014 sind die anderen Fluglinien bei Flügen nach Israel für mich gestorben."
"Alles harmlos im Vergleich zu Flugreisen in die USA. Ich wurde nirgends so penetrant befragt wie dort. Und das war 1998. Nach 2001 wurde es erheblich heftiger...Was genau ist an der Befragung hochnotpeinlich? Wir wurden immer sehr freundlich behandelt und es gab keine Fragen wie ""sind Sie Terrorist?"" (bei Einreisen in die USA musstest ja zumindest Anno 1998 auf der auszufüllenden Karte angeben, ob du ""Terrorist"" bist...das ist dann wirklich peinlich...""Und sooo toll sind die EL-AL Maschinen auch nicht (nicht mal im Vergleich mit der AUA).""Das merkst dann, wenn irgendwelche Deppen eine SA-7 auf dein Flugzeug abfeuern. Dann wärst froh um das Raketenabwehrsystem der ElAl..."
"Es ist aber eine Sache, Flüge in ein Land zu sanktionieren (ich meine, Kuwait Airways führt ja auch keine Flüge nach Israel durch), aber eine andere, Menschen aufgrund ihrer Staatsbürgerschaft zu diskriminieren. Denn ich bin mir sicher, dass es amerikanischen Fluggesellschaften nicht verboten war, Kubanische Staatsbürger zu befördern. Sie durften halt lange nicht NACH Cuba fliegen."
"Ahso? Haben sich europäische Fluglinien geweigert, Iraner zu befördern? Es hat eben nicht mit Sanktionen zu tun, einzelne Bürger aufgrund ihrer Staatsbürgerschaft zu diskriminieren. Wäre mal interessant zu wissen, ob sie sich nur bei israelischen Juden querstellen oder auch bei Arabern mit israelischer Staatsbürgerschaft..."
"Wobei Kuwait schon seine Gründe hatte, die Palästinenser nach dem 2. Golfkrieg rauszuwerfen. Immerhin hatte zumindest ein nicht unerheblicher Teil bei der Invasion mit Hussein kollaboriert. Soll heißen: Sie hießen die Invasion nicht nur gut, sondern bereiteten sie vor, indem sie Schlüsselpositionen in Kuwait für die Iraker ""übernahmen""..."
"Vielleicht gab's ja darum die Schießerei. Denn so wie es im Artikel formuliert ist, klingt es nicht danach, als wäre er von der Polizei gestellt worden. Dann hätte die Schlagzeile auch wieder ""Israelische Polizisten erschießen Araber"" gelautet...(Häufig illegaler) Waffenbesitz ist im Arabischen Sektor weit verbreitet. Und es gibt relativ oft Gewaltverbrechen mit Schusswaffen. Die arabischen Staatsbürger Israels machen 20% der Bevölkerung aus, sind aber für 67 % der Tötungsdelikte verantwortlich (wobei 40% der Opfer Araber sind). In der Knesset gibt es gerade eine diesbezügliche Diskussion. Vor allem die arabischen und einige linke jüdische Parteien werfen dem Staat vor, zu wenig gegen die Gewalt im Arabischen Sektor zu tun. Allerdings melden sich viel zu wenige Araber zur Polizei. In rein arabischen Städten wären arabische Polizisten vorteilhafter. Und es gibt einen Schweigekodex, der die Ermittlungsarbeit zusätzlich erschwert."
"Genau! So wie in Gaza. Nach dem israelischen Abzug 2005 gab es keine Blockade. Die kam erst Mitte 2007 - nach zwei Jahren Dauerbeschuss aus Gaza. Die Hamas hatte nicht nur den Beschuss nach dem Abzug nicht eingestellt, sondern ihn sogar noch verdoppelt. Israel ließ über 3000 Gewächshäuser intakt im Gazastreifen zurück. Die größte derartige Anlage im Nahen Osten. Nahezu alle wurden nach dem israelischen Abzug von der Hamas und anderen Terrorgruppen oder bei Plünderungen zerstört..."
"Genau! Lauter ""Behauptungen"" anonymer Zeugen, die in keinster Weise verifizierbar sind. Ein einem erheblichen Teil der ""Vorfälle"" waren die ""Zeugen"" laut eigener Aussage gar nicht dabei und ihre Angaben basieren auf ""Hörensagen"".Man weiß nicht wie viele Zeugen es gibt oder ob es sie überhaupt alle gibt.Auffällig ist auch: Breaking the Sikence unternimmt nicht das Geringste, um eine Aufklärung/Strafverfolgung der angeblichen Verbrechen zu erwirken. Sie geht mit ihren Vorwürfen nur im Ausland hausieren und scheint keinerlei Interesse daran zu haben, in Israel selbst Veränderungen herbeizuführen. Die NGO wird auch praktisch zur Gänze aus dem Ausland finanziert und es ist bekannt, dass einige der Geldgeber ihre Zahlungen ganz offen von der Auflage abhängig machen, dass die NGO ein ""Mindestmaß an Vorwürfen gegen Israel"" produziert.Das ist also keine Gesellschaftskritische NGO, sondern vor allem eine Propagandashow, um Israel im Ausland anzupatzen."
"Genau! Wie die UNIFIL im Südlibanon. Die sollte eigentlich verhindern, dass sich die Hisbollah dort als bewaffnete Miliz betätigt und hat für diese Aufgabe 12.000 Soldaten bekommen. Heute ist die Hisbollah dort präsenter denn je. Sie hat heute alleine dort heute mindestens dreimal so viele Raketen gelagert wie sie vor dem Krieg 2006 insgesamt hatte. Und das ist laut UN-SCR 1701 von 2006 strengstens verboten. Man fragt sich, was die UNIFIL dort eigentlich macht. Sie verhinderte weder die Wiederaufrüstung der Hisbollah 2006, noch Hisbollah-Angriffe auf Israel."
"Der Dritte? Der erste trat sein Amt wegen Befangenheit nie an, Sie Schlaumeier. Warum sollte Israel auch mit einem UN-Nahostberichterstatter zusammenarbeiten, der qua Mandat nur ""israelische Menschenrechtsverstöße"" melden darf, nicht aber palästinensische? Man müsste absolut wahnsinnig sein, so etwas noch zu unterstützen. Der ""Menschenrechtsrat"" soll endlich seine bizarre Voreingenommenheit gegen Israel aufgeben, dann kann man über Beobachter sprechen - aber nur wenn ihr Mandat die Beobachtung BEIDER Seiten beinhaltet."
"Sollen die Israelis den Messerstechern ein paar Morde zugestehen, bevor sie sie an der Fortsetzung ihrer Tat hindern, damit Sie hier im Forum nicht über ""unausgeglichene Opferzahlen"" jammern müssen? Haben Sie sich schon mal die menschenverachtende Absurdität Ihrer Argumentation vor Augen geführt? Wer versucht, andere Menschen mit einem Messer zu ermorden, muss mit Selbstverteidigung der Gegenseite rechnen. Ende der Debatte!"
"Das kannst doch nicht so pauschal sagen. Wenn der Typ mit dem Messer droht, kann man ihn mit dem Taser niederstrecken. In den vorliegenden Fällen ist das aber eher nicht der Fall. Der Angreifer schlägt eher hinterrücks zu. Und wenn er seinen Messerangriff bereits begonnen hat, schau ich mir an, wie du den mit einem Taser zur Räson bringst. Oder meinst, die israelischen Sicherheitskräfte haben in der einen Hand die Schusswaffe und in der anderen den einsatzbereiten Taser?"
"Der Grundsätzliche Sinn hat keinen Wert, wenn er nicht in der Praxis anlangt. Und welcher ""offizielle Auftrag""? Der offizielle Auftrag der Nahostberichterstattunsmission lautet, nur Israel zu untersuchen. Denn so ist das Mandat verfasst.Die Palästinenser sind nicht Gegenstand einer vergleichbaren Untersuchung und haben Narrenfreiheit. Warum sollte Israel mit einer Mission zusammenarbeiten, die zwar israelische Antiterrormaßnahmen kritisiert, nicht aber palästinensischen Terrorismus?Das Problem ist vielmehr, dass die bisherigen Beobachter Ursache und Wirkung vollkommen ignorierten - was passiert, wenn man sich nur auf eine Seite einschießt - und die israelischen Reaktionen auf von den von ihnen ignorierten palästinensischen Terrorismus als ""grundlose Schikanen"" Israels hinstellten..."
"Natürlich. Allerdings war das bisher mit allen UN-Missionen so, die Israel tangieren. Die UNEF z.B. wurde 1957 im Sinai stationiert, um die ständigen Überfälle von ägyptischem Gebiet aus auf grenznahe israelische Ortschaften und die Seeblockade Elats zu unterbinden, die zum Krieg von 1956 geführt hatten. 1967 forderte Nasser ihren Abzug. Der Forderung wurde sofort, ohne Widerspruch erfüllt. Nasser maschierte mit seiner mobilisierten Armee an der Grenze Israels auf und sperrte erneut die Wasserstraße von Tiran, was (unter anderem) zum Sechs-Tage-Krieg führte..."
"Wieso? Die Gefahr geht eindeutig von Nordkorea aus. Welches Interesse sollten Südkorea oder die USA denn haben, Nordkorea anzugreifen oder gar zu erobern?Es ist schon richtig, dem bladen Idioten in Pjönjang deutlich zu vermitteln, dass er bei einem Angriff auf Südkorea eine Tracht Prügel bekommt, von der er nicht mehr aufsteht..."
"""aber ein Bombentest auf eigenem Stastsgebiet ändert alles""Also entschuldige mal! Natürlich ändert ein Atomtest alles, wenn er von einem Irren durchgeführt wird, der ständig mit Krieg droht. Tust grad so, als wäre das eine rein innere Angelegenheit Nordkoreas. Oder meinst, die haben vor, die Bombe ""nur im Inland einzusetzen""?"
"Doch...die Popeye Turbo scheint dazu in der Lage zu sein. Es gab schon 2000 einen Bericht darüber, dass eine Popeye Turbo im Indischen Ozean, südlich von Sri Lanka getestet worden sein soll. Sie soll angeblich 1.500km weit geflogen sein. Technisch ware Israel auf jeden Fall dazu in der Lage. Was Lenkwaffen angeht, stehen sie den Amis und Russen in nichts nach. Die von den US B-52 eingesetzten AGM-142 ""Have Nap"" sind ja sogar von Popeye-Marschflugkörper aus Israel...Hier ein Bild, dass die SLCM-Variante der Popeye Turbo zeigen soll...http://i-hls.com/wp-content/uploads/2013/03/popeye_turbo_1.jpg?330fa1"
"Die Variante Popeye Turbo wurde von Israel entwickelt, um sie von U-Booten der Dolphin-Klasse aus einsetzen zu können.[1] Der Start erfolgt aus einem Torpedorohr, wobei ein Feststoffraketenbooster den Marschflugkörper aus dem Wasser befördert. Anschließend wird der Flugkörper durch ein Turbojet-Triebwerk angetrieben. Dieses aufwändigere Antriebskonzept ermöglicht größere Reichweiten. Die offizielle Reichweite wird mit 200 bis 350 km angegeben, bei inoffiziellen Tests einer verlängerten Variante wurden allerdings über 1500 km erreicht.[2] Der Popeye-Turbo-Marschflugkörper kann Atomsprengköpfe tragen."
"Für Israel sind die Mehrkosten wohl zweitrangig. Das Problem ist - und dessen ist sich Israel bewusst - dass Israel eine ""One-Bomb-State"" ist. Und bei einem Land der Größe Hessens von einer ""landgestützten Zweitschlagkapazität"" zu sprechen...Da bleibt eigentlich nur eine Seegestützte Kapazität zur Abschreckung. Und da Israel nicht die U-Boote hat, SLBMs einzusetzen, bleiben nur Marschflugkörper...Übrigens ist mir nicht ganz klar, warum du der Meinung bist, dass hier Israel nicht mit den USA und Russland mithalten können sollte. In einigen Bereichen gilt Israel als der weltweit führende Lenkwaffenhersteller. Ein gutes Beispiel ist die Python-Raketenfamilie (IR-gelenkte Luft-Luft-Raketen). Die Python 3 war 1978 die erste derartige Rakete der Welt, die ein Flugzeug von vorne angreifen konnte. Die Python 4 war die erste, die mit einem Helmvisier gekoppelt war und die Python 5, die erste LOAL(Lock-on After Launch)-fähige Luft-Luft-Rakete mit optronischem Zielerfassungssystem."
"Allerdings. Die Idioten haben ja ganze Banken ausgeräumt und dabéi mutmaßlich Milliarden Dollar an Bargeld lukriert. Die Generation, die nur mit EC-Karte, Kreditkarte und Handy bezahlt und allenfalls ein zwei Scheine im Börserl mit sich herumträgt, mag sich das nicht mehr vorstellen können, aber ""richtig viel Heu"" braucht richtig viel Platz (wie echtes Heu eben auch)...Und so mancher Bankräuber mag schon überrascht gewesen sein, ob des Gewichts seiner Beute..."
